2.2508049610
0.4647747229
0.6649853964
0.0112612958
0.0199459428
0.0000026094
0.0000128201
0.0001847673
6.2368250482
4.3899311507
0.0058588749
0.0024671696
0.0009166418
0.0000333244
0.0062464891
0.0480815759
0.0000567048
0.0002571592
0.0092006424
0.0091732179
0.0000030973
0.0002042318
0.0000795669
0.0055485567
0.0000935449
0.0000900119
0.0039434735
0.6793488319
0.0000016606
1.3956833444
1.5206664273
0.0032743089
0.0066264194
0.0096684131
0.0000203234
2.9200964920
0.6476141010
0.0958235850
0.0040941381
0.0037969899
0.0000051385
0.0000243773
0.0000035849
0.4087525622
0.0015875776
0.5525419056
30.5680795939
0.0003057089
0.0018994503
0.3665054122
0.0000021749
0.0181859360
0.0000043793
0.0909359047
3.9599975606
0.0000139435
0.0010050903
0.0001653227
0.0030463521
0.4371854368
0.0002048312
10.3313336761
0.0000041787
0.0000136091
0.4066214142
0.4031755795
0.0000021695
0.0184213968
0.7509263727
0.0006218574
0.0000014660
0.0000819069
5.2383711278
0.0008371580
0.0000013872
0.0000117462
0.0000187678
0.0000056496
0.0006654241
0.0102406023
3.6250559986
0.0000014623
0.0485598705
0.0034684002
0.0000048034
0.0519015230
2.0957214911
0.0003579494
0.0893392143
0.3515958284
0.0163021623
1.2265907693
0.0000118075
0.0000183874
0.0003584893
0.0000095000
0.0143591241
0.0000017359
0.0002054247
0.0015565005
0.0000049624
0.0001382000
0.0002186690
0.0003253817
0.1087149310
0.0004513707
9.9979463565
0.0167846905
0.0210508863
0.0001069036
0.0074945816
0.0460873298
0.0000314842
0.1313122848
0.0010794619
3.6648793671
0.0058351425
0.0000047139
0.1870595864
0.0000474605
9.4964483501
0.0152669818
0.0633282012
19.7013568792
0.0008620426
0.0218060436
0.1940278687
0.0006276756
0.0000177855
0.0000725243
0.1101933089
1.1922072024
4.3493546860
0.0000032657
3.4043605172
0.0335347972
0.0000105559
0.2906933169
0.3830766807
1.7206500255
0.0041868123
0.0001101128
0.1636818984
16.6460231965
0.0919068758
0.0000214147
0.0000842369
0.0093273092
0.0000208562
0.0038940860
0.1559702091
5.0541987179
1.0808170832
0.9661519553
5.8529804643
0.0003356620
0.0726406840
0.8669658588
0.0006955662
0.0001527414
0.0006116052
0.1234502251
0.0068983930
0.1346966676
0.0001149000
0.0010925501
0.0025087995
0.0000074196
0.0000036666
0.0171022673
1.0934011950
0.0000016930
0.0042841593
2.5328420306
22.6061895862
0.0953838132
0.0127022983
0.0000559935
0.0136731817
27.1707893614
0.0022901032
0.0006054014
0.5548942432
0.0000920577
0.1094336615
0.0083094920
2.2723594228
0.0058956951
0.0001260061
0.1640704754
5.8818594908
0.9158105004
0.0008267190
0.0002856492
0.0002100233
15.1213154666
0.0315312624
0.0000059232
0.1839372824
0.0002727990
1.8035029005
0.0000855156
0.5950754816
0.0000059011
0.0000186137
0.0023816520
0.0002506246
0.0000488396
5.3080800571
0.0000019226
0.0062272941
1.6274040983
2.9664138078
0.6744088998
1.9445899864
0.0420222932
0.5077818424
2.1369948587
0.1461097163
0.0000060102
0.0000064366
0.0403358714
0.0037814351
0.1144099772
1.0692151567
0.0000017835
0.3567562958
0.0000115038
0.0023030797
0.0004618784
0.0009805110
0.0000023993
0.0101057225
0.0000387704
0.0313693176
0.0013866853
0.0001583567
0.0036814614
0.0367559051
14.3093718595
0.0001498953
0.0092166559
0.0035644260
7.7505775640
2.0740690818
0.0643895045
0.0001365150
0.0006978764
0.0005735347
0.0000118191
0.0011050827
0.0005625248
0.0000013016
0.5469581446
0.0000072224
0.1976746797
0.3670199202
0.0000707789
0.0379468553
0.0000098715
0.0002210851
0.0005637247
0.6221273064
0.0000104901
0.0000153007
0.0696598565
0.0208282973
0.0169362023
0.0003531509
2.0295200885
0.0037748837
0.0000025003
0.0000012067
0.0000135264
0.1352413060
0.0011210988
0.0380378319
6.8472050043
0.6419097594
7.7537959528
0.0000224765
0.0000347079
2.5854345867
0.0019954358
0.0000026682
0.2125596466
0.0190717786
0.0860802961
0.0002004827
0.8799745958
0.0000023357
0.0000220423
8.9928140998
0.0081282552
0.0000070227
0.0000069119
0.0002106414
0.0066654098
0.0001594530
0.0000127087
0.0000481602
6.0714372964
0.0066315741
0.0000112818
0.0000144668
0.0129964722
0.0001661008
14.1843359757
4.9147746138
0.0000020148
0.0032193550
0.0015517508
1.7012856943
0.0013965241
24.1370002643
1.9471125335
0.0009837149
0.0000246747
0.0439014270
0.0013100030
0.0748823834
0.7612496959
0.0000013621
0.0151619604
0.0022363725
1.8101708537
0.0000017075
0.0014041040
0.0056512778
0.0002060219
0.1129846787
0.0011115091
11.8209449455
0.0000252336
0.0074091257
0.0000051236
0.0000016744
0.0049159935
0.0723198491
0.7793219449
0.0003175409
0.0090399679
0.0208643814
0.1163060698
17.2039146573
0.0000050964
0.0000365717
2.6425924807
0.0006325906
0.3317531355
0.0000101794
0.0000259460
0.0073292673
0.0080369070
0.0802721423
0.0029078447
0.0011757422
3.4623365412
0.0000131737
0.0000972293
0.2900461972
0.0048173217
0.5575119589
0.0001314323
0.0001389337
0.0001186377
0.0077628530
0.0000650726
0.0209407865
0.0092967283
0.4523059796
0.0007659059
0.0027668799
0.0000083054
0.0001033041
0.0000173354
0.9059930746
0.0000093817
9.3740224483
0.0001506209
0.0018827053
0.0826445589
1.4952026908
0.0000021079
0.0285371688
0.0422952441
0.0000764416
7.9919008643
0.0000114726
0.0000917462
0.0000019350
0.0000263419
0.0438018553
0.0025375975
0.8223347013
0.0759985858
0.0019670680
0.0014624448
0.1242420215
0.3778787197
3.0345644194
6.7871024454
0.0000072392
3.8184016736
0.0000823842
3.0763766453
0.2921176738
38.2164955821
0.4645528320
0.0618108214
0.0005456124
0.0000399631
0.0017966041
0.0006417885
0.0759022097
8.1264614998
0.0005238717
0.0337630673
3.2798599404
0.0000116056
10.9631486356
0.0000041030
0.0007539893
0.1721433636
0.1516548348
0.1908618879
1.9821167400
0.0000541256
0.0000236309
0.0032817021
0.0427801628
0.0008543959
0.0000185048
0.0000028565
0.0000069017
3.4514166264
0.0344813472
0.0005852574
0.0011785198
6.1313658779
40.1535994260
0.0000132357
0.0000048035
0.0000202182
0.9983272153
0.4304867196
0.5074596012
0.0000034853
0.0661833984
0.0013649363
0.5281091701
0.0059435207
0.0010546821
0.0000139021
0.1181434066
0.0869063019
0.0000055828
0.0000533921
33.8403213607
1.9793249384
0.0000224818
0.0005686733
0.0705983447
0.0488002441
0.0010023154
0.0041625979
0.0198963531
0.0049122458
4.5996602095
0.0189895521
0.8365978754
0.0111247200
0.0000054629
0.0014355665
0.0001319735
7.0349927848
0.4618462344
0.0000027584
2.4750913379
0.0181189352
0.0024424340
0.0008311232
0.0166295968
0.0148381727
0.0000242974
0.0923180067
0.0727540139
0.0000455081
4.2750276531
5.2779975186
0.0000074244
11.1638040235
1.3700078967
0.0004962245
0.0000036844
0.0002430172
0.2091109625
0.0247607760
0.0000633840
0.0000268053
0.0002826450
30.0799549141
0.8970565094
0.6493454086
0.0000073959
0.0002610432
0.0013663651
0.0000430988
0.8739858376
0.0002432346
0.0396885274
0.0006260400
0.0876655775
0.9577035534
16.0589659400
0.0006508632
0.0002544803
0.0007795174
0.1325117814
0.0744998898
2.4754033137
0.0000511637
0.0001872700
2.0923126998
0.0000119712
0.0014449759
0.0000086538
8.1730191878
0.1584266532
0.0000436303
0.0000713095
0.4341152815
0.0000049388
4.6954677644
0.1742841472
2.8556516031
0.0061499817
0.0007754570
0.0002388041
0.0000052629
0.0002157633
0.0011680088
0.0002182597
0.0004633357
3.3542655469
3.9768052973
0.0007962203
0.0020028590
12.7142176695
0.0003744061
0.5681087676
0.0029069879
0.0252306082
6.6648661826
0.4850838789
0.0002820282
0.0001376966
0.0001064135
0.0017181890
0.0090372445
2.1318439242
0.0102899889
0.0000873331
0.0045886622
1.6155334852
0.0066143110
0.0000031503
0.0000080977
1.8823015120
0.0079607176
0.0099119926
0.0004854348
0.0000035268
1.3780413190
0.1620782058
0.0089764842
1.0974373111
17.9640146055
41.5453955175
1.4059177962
7.5101159571
1.8366621898
0.0001784502
23.9883147754
0.0000226044
0.0025188807
0.0000013980
8.0162528139
14.2910888384
0.0005020656
0.0001323019
0.0048727531
0.0040967781
0.1795236405
0.1832447612
0.0182454664
0.0000356409
0.0001145942
0.0536088943
0.0036259890
0.0001445671
0.0029504718
0.2353883544
0.0045569547
0.0006377213
0.8708735211
0.0000102158
0.0005469253
0.0000016141
1.4863360074
0.1452067154
0.2870871890
0.1444584907
1.3329056110
0.0014960999
0.0059486254
0.0000040340
0.0000390218
0.5061373320
0.0032176733
10.4272604949
0.0000591571
0.0580982180
0.6680669158
1.2797599988
0.0104878346
0.0083297886
0.0000068154
0.0000053817
0.3832253789
0.0000483842
0.0004927003
0.0867908292
0.7834823106
0.0328400667
0.0098149766
0.0000049875
0.0035981656
0.0044290623
0.0091257837
0.4069915355
27.9823350173
0.0041584264
0.0711878328
0.0245866761
0.0099338875
0.0000316436
0.0000043120
0.0000197771
0.0001549977
0.0000626686
21.5963189852
0.0885944105
0.0000219707
0.0001761252
0.0017366602
0.0006870375
0.0000150840
0.0000131016
0.0000049914
4.4321781699
0.0000318714
0.0263927218
0.7892084690
0.0075868655
15.7299900059
0.0006941011
0.3393503261
0.0000791113
0.0069672897
0.0133954750
0.0000091453
2.5255773591
0.0000053514
2.7309353373
0.0079954806
0.4363129738
0.0003935082
0.0500721292
0.0000454631
4.0151044917
0.0799593566
0.0000035210
0.0032912889
0.3936353537
0.0024332848
4.9289414116
20.9287058632
1.4139097009
0.0002840881
6.4780536717
0.4037940378
0.0486884772
0.0074519777
0.7117034360
0.2465284888
0.0016715092
0.0009530783
0.0000292233
1.0605484874
0.0053560532
0.0000025191
0.0000549325
0.0000152613
0.0000517881
0.0000058289
0.0002608196
0.0587651966
0.0073003643
0.0032390413
0.0011420859
0.0001500526
0.0001102375
0.0032255267
0.0018872343
0.0015271315
0.0000456542
0.0018071386
1.3422669196
0.0013436267
10.6789390221
0.0000857147
0.0019342698
0.0003172166
0.0194217362
0.1058188221
0.0000032314
0.0008410902
4.3475500583
0.0008726606
0.0032884957
13.6511623958
0.0000729101
0.0009692565
0.0001711241
3.1107881740
0.0407446003
0.0017226366
0.3130397704
14.0058058137
5.3064881573
0.0293455863
0.0000127001
1.9177238196
0.2179239404
0.3041490132
0.0889401483
0.0000119837
0.0056110006
0.6057207118
0.0001153981
2.4864531243
0.0223992496
0.0000042983
0.0824678170
0.0000010480
0.0000281484
0.0719385929
16.5113468663
0.2820755166
0.0009437814
0.0000036491
0.0000055443
0.0449786344
27.2817060341
0.0471414271
0.1198844517
0.3038158381
0.0000099135
0.0036956559
0.0000367638
0.7522293315
2.2950698978
0.0000226726
3.4193136668
0.0004906090
0.0092770818
0.0399425458
0.0100486510
0.6473717148
8.1438702497
0.0069307352
0.1862704227
0.1862963160
15.4334041310
0.0004835325
0.0830523385
0.0046064010
0.0000084503
0.0017649865
2.0274990099
1.7187880624
0.0014673243
0.0000102410
0.2958801455
11.8952813337
0.0000211368
21.7607556935
0.0091535791
0.0001627180
0.0106394567
0.4153163877
21.7475295241
0.2390800871
0.0041533744
1.6599102749
0.0535270207
0.0349016229
2.8434587775
0.0508555446
0.0319350107
3.8706433693
0.1537918812
0.0001838587
0.0003960262
0.2094920173
0.0000747573
0.0059971617
1.6382509675
19.8853967169
0.0000239052
0.0000094059
0.0549624247
0.0000044217
0.0009315535
0.9151812823
0.0003148767
1.6725386431
0.0111855753
0.0007074242
0.0415110719
0.6944092858
0.0827603342
0.1257279377
4.6920576933
0.1060999864
9.5239173794
0.0000059641
0.1343692576
0.0016159699
0.0128555513
11.6292439133
0.0106056842
0.0016095434
0.0000128923
0.0000072554
6.4877772860
0.0000031973
0.0000123891
0.0117494100
0.0470588242
5.1530940882
0.0160368826
0.0000021824
0.0000751280
0.0000514761
1.9446920697
0.0262402153
0.0002743250
0.0009042519
0.0701409402
0.1082392911
0.0779460137
0.0000775143
0.0960461375
0.1916288515
0.1999177642
1.4311344944
0.0001377900
0.0299750041
0.0001530487
0.0000232331
0.0006819039
0.7356310514
0.0001243124
2.9734112643
10.2696306016
0.1532411509
0.0004408280
1.2384773902
0.0000492591
0.0000155328
0.0014533789
9.9164862121
0.0562432599
0.0022738920
0.1529440796
0.0000577957
0.0000081866
0.0001211215
0.0021217285
6.7430475357
0.0011697798
16.8054897070
0.4653953690
0.0000126300
0.0003193284
0.4850871682
0.3808602917
0.1853361551
0.0019106811
0.0000078153
0.0202478601
0.0000817930
0.0000039124
2.0446625933
1.2043610859
0.1588317842
0.0000043757
0.0002356053
0.0123454040
0.0000209785
0.0051073202
0.0000048668
0.0000141414
4.4815859239
0.1644231094
0.0031059490
10.5267470433
0.0043667681
0.0804886564
8.7525446053
3.1058354085
0.0010244012
0.0000020291
10.6686085375
0.0000230648
0.4235977157
1.2942414560
0.0000037038
0.7196186844
0.0000010242
0.0032447905
0.3005941328
0.0014461942
0.0000855728
5.3640928159
0.0015613425
2.6924437720
7.5268712149
0.0000033189
0.0473398431
0.0122390676
0.1711817062
0.0000050780
0.0000178406
0.2700272309
0.0139030111
0.0119753664
0.0014695250
0.1772136131
0.0000077181
0.0000200635
0.0074267809
12.4180359505
0.0182693057
0.2891857488
21.4094724214
1.5983405961
2.8220633305
0.0029917708
3.0445671396
2.4323838278
0.0172382918
0.0000274340
0.0005502804
3.6941235701
0.0033532662
0.2219988290
0.0790014207
0.0009057086
0.0000033598
0.0000019273
0.0755163388
0.0000824877
1.0653348976
0.0157037401
2.9862898094
0.0000030274
0.0000091665
0.0012767927
0.0320073672
0.5556951760
0.0000470290
0.0000085842
0.0000040248
0.0375672887
0.0003462870
0.0028224248
0.0001307508
0.0002772350
0.0143232689
0.0000815831
0.0000111375
0.0001828613
0.0014586447
0.0000871112
0.0170741670
0.0087299029
0.0008388408
0.1048904792
1.6173468030
0.0157001998
0.1630054080
0.0018703102
0.0001196718
0.0002051550
0.0077269808
0.5322474477
0.0000204614
9.2328918505
0.0007307505
0.0000054973
0.0000327374
0.0004136333
0.0187134851
27.8920585532
0.7582335869
0.3617448674
0.0000251654
0.0066964525
21.4540140375
0.2878451802
0.0038324964
0.0001558753
0.1861127223
0.0000652601
0.0545385272
0.1371293896
0.0000107997
0.0000058427
0.0000030616
0.0004682845
0.0000028696
0.2308349382
1.7307895060
0.3941315216
0.0834115028
0.0002603078
0.0000060261
0.0829472515
0.0144546897
0.0986001104
0.7051718896
0.5209693253
18.7588013928
0.0742478471
0.0000237709
0.0060893816
0.3264105013
0.0000163595
0.0000012178
0.0090953834
0.0000287642
0.0003224807
0.0002053491
6.1693429419
0.0449710042
0.0059645288
0.2961204268
0.0082021521
0.0000052346
0.0000180525
0.0007949741
0.0000112663
0.0211528956
0.0000031093
0.0042799047
0.4845629339
1.7366148816
0.5348777552
0.2626315281
23.4641855808
10.2710852383
0.0000256618
0.0037444925
0.0013479762
0.0002468006
0.0000022763
0.0748422400
0.0885315496
0.0005314611
0.3087174886
0.0007124645
0.0539389250
0.0045008899
0.0277231961
4.1928480010
0.0001359538
0.0006747138
0.0596481725
0.1381616624
0.0111626853
0.0000504815
0.0000393408
0.0113136953
13.0938951596
0.0016907881
0.0618624821
0.4352936152
0.0000865105
0.2027699299
0.0109243606
0.0000518663
0.0001501274
0.0000024183
0.0001482286
0.0001298850
1.1541440235
0.0137418743
0.0001168831
0.0807421844
0.0000375216
0.0111344514
0.0002627474
0.1977111133
0.0000869242
14.8751001416
0.0156597352
0.0046393043
0.0000011220
0.0000670250
0.0013092920
0.1981361285
0.0070397256
0.0000664636
0.0000162943
0.0255492542
0.0000318507
0.0000325540
0.0011488059
0.0043752860
0.0492849788
4.6741950871
0.0005648080
0.0007071535
0.7273458967
0.0254980502
0.1759378699
0.0169634410
0.0179885728
0.0000051303
0.0507310393
0.0010253254
0.0000168204
0.0000064903
0.0046495113
0.0021462432
1.1261400495
0.0233581379
4.1819852643
0.0000106765
0.0014157726
0.0000952523
0.9050330466
0.2111792829
0.6040957111
1.0821937235
0.1139847531
0.0041803552
13.1424888471
0.0311674914
0.0001175837
5.0657068606
0.0000065232
0.6599189768
0.0323654527
0.0047116831
0.0000096946
0.0000096026
2.4376360829
0.0000026304
4.3743504879
0.0000577739
0.0067846663
5.5434656729
0.0001975569
0.0000051149
0.0000049158
0.0007234014
18.8042734291
8.0838348307
0.0330601492
0.0007656279
0.0002304040
0.5157008574
0.5086206792
0.0000027369
0.0209397999
0.3018004149
0.0816819156
0.0000069880
2.3461209809
0.4092154121
0.0048113850
0.0430952746
0.0000346930
0.0312220404
0.0000018071
0.0000111471
0.4395175906
0.0000885566
10.3194029448
0.1399551597
6.9695945130
19.9904257878
0.0753210473
0.0000188484
0.0000042618
0.0017333401
0.0070178016
0.3298323519
22.1670730793
0.0000081116
0.0263690363
0.0001015099
0.0251820365
0.0000072179
0.0003129479
0.0560556350
1.9674275154
0.3485918742
3.5406088182
0.0020898029
0.0001515175
0.0051218198
0.0052801807
0.0001400235
0.0000021156
0.0914897316
8.2283809666
0.0008405040
14.5822826186
0.0762639577
0.0000094192
0.0003937677
0.0109799170
0.0334077169
0.3375632946
0.4294552563
0.1139047832
0.0007726486
0.0021838254
2.2659644665
0.0153184348
0.0000377704
0.0648606970
0.0000385080
0.8030088572
0.0096791044
0.0262988962
0.0007133951
0.0000055265
1.1735717531
0.0008937227
0.0040006063
0.0000078430
0.0000316999
10.0359773326
2.2570933173
0.0095356620
0.0010125879
0.2639184615
3.6328663679
0.0009502321
0.0000021392
0.0021344156
0.0002523357
0.0072520525
0.0028559925
0.5196022486
0.0000031964
0.0000086430
0.0165182613
0.0361043523
0.4569599484
0.0546149087
0.0051087322
0.0057380582
10.6408018448
0.0000815164
0.0000021119
0.0000048829
0.0000055319
0.0040128655
0.0055791053
0.0079547317
0.0000046586
4.3358680891
0.0001656676
0.0097857656
0.0222312555
0.0004236375
0.0000051740
0.0001508588
0.1196726224
0.0359023935
0.0000385082
0.0000877856
0.1306814773
0.0220998911
29.7189196301
0.0015304758
0.0450752690
0.0000331290
0.0008509033
0.0121541615
0.0000095153
0.2200188455
0.0243391740
7.0268304142
15.2070041004
12.2813654199
0.0390729153
0.0000029646
0.6239431731
0.3808415773
4.8527229592
0.2434172671
0.0000034568
0.0358956908
0.0000185422
0.0032264282
0.0000021783
13.0711937319
6.8109571976
0.0000059584
0.0000725431
0.1080167540
0.1378752270
1.0938496963
0.0000037249
0.0000058243
1.0078518432
0.0002533623
0.0376094163
0.0771192285
0.2475603890
0.8884674863
0.0020732869
0.0286522618
0.0000052472
0.2165265900
0.1658892453
1.1477157899
0.0000144526
1.7329398154
0.0024969752
2.4250598234
0.0000144695
4.6877440342
2.9281817321
5.5305546516
0.0018136619
5.7147943449
0.0002080710
0.0000587622
0.0000032480
1.3081430688
0.0095109605
15.3789347719
0.0028259825
0.0117950257
4.8563361150
0.0158548775
25.9926198741
19.1017290746
0.0253603811
0.0062535658
0.0017187644
4.4226346785
0.6351986273
7.8254759084
0.0000011190
0.0106444063
1.7726939245
0.0012503754
0.0000082443
0.0000071328
0.2063084811
2.2572119772
0.2331066842
0.0000449590
0.0000545893
0.0000087453
0.0003700277
0.0312422673
0.0357069740
1.8860547537
0.1698720975
0.0000162413
0.1395679849
0.5918837610
0.0002074712
0.0002447565
0.1494791706
11.5612298521
0.0000031482
0.0000646251
0.0503162589
0.0000203707
0.0029976844
4.1572299531
0.0000097382
0.0001483807
0.0399712775
0.0630989685
0.0003910789
0.0000191093
0.0002652744
0.0039357124
0.1026608977
0.0000826100
0.0000046712
0.0007048123
3.1069420732
0.0981652651
0.0000250104
0.0182517387
0.0000017421
3.7591158229
0.0000694047
0.0013506661
0.0000476599
4.3842075138
0.0037869694
0.0016584943
0.7332936908
0.0294514447
0.1592084767
4.7710979071
17.5559730782
2.9380035086
0.6845685136
2.7020511470
0.0009465574
0.2228100540
0.0003701819
3.9635972427
6.5435405039
0.0377509479
0.0010931620
0.0000029207
0.0008214914
0.0005132588
0.0001977370
0.9292708476
6.0530386549
2.0819412875
0.0001932843
0.0557516430
0.0004129596
0.5807127253
0.0009613452
2.7572823384
0.1194620776
0.0000042768
0.0000117203
0.0005600087
0.0010246930
0.0216647904
0.0000112605
0.0688885765
0.0000038205
0.0277067910
0.0000188876
0.0051744011
0.0073929066
0.0015945090
0.0490139707
0.0000013444
7.7144088909
1.2023706806
10.0239448111
0.3815479502
0.0069511266
12.7023795151
2.3748629277
0.0000033301
0.0000073080
1.3834971490
0.0013790339
0.0000171535
0.0809162147
0.0000042712
0.0014266715
0.0000847058
0.0826574679
0.0193259308
1.6233156171
0.0013099595
0.0190436146
8.2867208672
0.0001674396
0.0007538785
0.1119310082
0.0000015423
0.0000046286
0.1462191525
0.0402494825
0.0020733352
22.2766115942
1.7228214392
4.2683341823
0.0008573787
0.0166885651
0.0000156075
0.0037481866
0.0002626401
0.0001510350
0.0003282408
0.0000102030
0.4775433830
0.0000026284
2.8909865861
0.0000539107
0.0000036387
1.3338044051
0.0000701391
0.0000388097
0.2249634261
0.0000019023
0.3991732416
0.0243815533
11.5013074711
1.4174666461
0.0071521671
0.0000222860
0.0000377558
0.0291477653
0.0000411554
0.0007003546
3.7729668192
0.7280190277
0.0000082464
0.0000032831
0.0067131810
1.2431671413
0.0000579883
0.0628741037
0.0023615843
0.0036779900
0.3964526121
0.0001140387
0.0000034959
0.0105497633
0.0000186152
0.0013016795
0.0294569174
0.0048203423
0.0000860240
0.0079117622
0.4805504449
0.0000144256
7.7044313098
0.0040667851
0.0000140892
0.1293443504
1.1082794580
0.0000859680
0.0003013941
0.3882956219
1.9291893789
0.0000355629
3.7978810333
0.0000288366
0.0000024236
0.0001585885
0.0036768386
0.5862884808
0.1040984844
0.0000062388
11.7561918798
0.0834729044
5.0224365047
0.0007488902
9.8039545794
4.6707770030
0.0000123806
0.0000019751
0.1468249463
0.0000488476
0.0584477446
0.0002185004
0.0005307409
5.9342700883
0.0001372392
0.0000082629
0.1986213032
0.0016095673
0.0000043187
0.0000043586
0.0290053863
0.0005126979
0.0000120529
0.0000087717
0.0191756337
0.5098981915
0.2032479150
0.1121925151
0.0023803237
0.1137660681
0.0411341097
0.1600960712
0.7253476539
0.0559535329
0.0030710861
0.0016060808
1.9126293569
0.0008483499
0.0000931504
0.0000120712
0.0000041706
0.0000028271
0.0000831949
34.1014792933
1.3560396473
0.0000017040
0.0000078217
0.0000834648
0.0062570186
0.0000749964
0.0077242229
0.0000902721
0.5966242159
0.0000040417
0.0191766650
0.0000152230
0.0000081277
0.0025356126
3.7181143053
0.0041561410
0.7217397843
0.1321292550
0.0066455374
0.0049294127
0.0018321660
0.0068292807
0.0031371202
0.0239362112
0.0002246070
0.0000338885
0.0002194236
3.4304621942
0.0009183513
0.0891772984
0.0210509564
0.0202645215
0.4537390939
17.1802155384
0.1273868778
5.3256601968
0.0015588154
0.0000057596
2.4502857012
4.8924829222
0.8620724874
1.7192625196
0.0000062279
0.0000026023
0.0514601906
0.0000951356
0.0592673104
0.0359285268
0.0001088959
0.0000041936
0.0006972628
0.0000015093
0.0001725084
0.0447779729
1.6622576659
0.0091300556
19.9991990377
0.0001082964
0.0001193119
0.0122960484
0.0003488511
0.7084568351
0.0000027632
0.0417924452
0.0120886299
0.0006716589
0.3394819128
0.0004016263
0.0149241282
8.4628794181
0.0005473587
0.0000443853
0.0000780863
0.0000185106
0.0000222288
0.1787917781
0.0000012728
13.3774097806
0.0732350939
0.0000246415
0.0003274601
0.0000040564
0.2269281046
1.5778197020
1.0017642457
0.0013091311
0.1602246581
0.0008121408
0.0229011965
0.0051999964
9.5548235933
0.1958102859
1.6157606747
0.0000307629
0.0044426674
0.0003888853
0.0001770564
1.3027479570
0.0014045564
0.7511893257
7.3129606026
0.0111497748
1.2954288364
0.6396116819
0.0103743779
0.0000019413
0.0044431901
0.0050238111
0.0000027157
0.0087670541
0.0000324769
0.0000066398
0.0000363483
18.4973459586
0.0082647540
0.0000048864
0.0000121834
0.0000031695
0.0027525665
0.0017223799
1.1103216234
14.6513924283
0.8283533463
0.1118051146
0.0707282751
0.0003526224
0.7014207869
6.5873551386
0.1763919149
1.5107716474
0.3475445508
0.0011285372
0.2427888542
0.0006880091
0.0006836814
0.2645208020
0.0080541972
27.9994362466
0.0002088520
0.0001309924
0.7238436572
1.0290463178
0.0000578292
0.0017200195
0.0001075722
0.0000059514
0.0000038318
0.0395311737
0.0000067679
1.5074625364
0.0176251212
0.0417129372
0.0001575758
0.5909247221
0.0000807286
0.0000098987
0.0001131908
0.0001479359
0.0000395129
0.0239219190
2.8912827421
0.0005089723
0.0235104103
0.0048644657
9.2171421989
0.0000354683
13.5113034747
0.0000163355
0.0006041974
0.0100105153
0.0003476863
0.0029737644
4.9895234933
0.0150863710
0.0352473342
0.0309493400
0.0318113808
1.1896032200
0.0368281267
9.2037460745
0.5394055529
7.7357813797
1.5458538870
0.0006768561
13.3138629295
0.0000350085
0.9768741811
5.8975120881
0.0000429474
0.1627038493
0.1699191329
0.0000039894
0.0005844218
0.0003594174
0.1767769977
1.3125549086
13.2313810603
0.0000036955
0.0529476138
0.1252048380
0.0056865443
0.0000075246
0.0000381644
0.0000061755
0.0391235716
0.0001039251
1.0568851121
0.1727749181
0.0066934566
0.0000522626
0.0000062986
0.0000021552
0.0006899178
0.3106642699
0.0001570409
0.0273745319
0.0151542770
0.2134541691
0.0000328731
0.0080226313
0.6507000570
0.1195452359
0.0397103099
0.0016647639
7.4246951878
14.1843322406
0.0000035785
0.0000109347
0.0005520570
0.0005430092
2.3945696253
0.0001426687
0.0059358619
0.0055382594
22.1119598307
0.0000888067
0.0079182315
0.0000040739
0.0000080319
0.0022154825
2.7271339297
0.0273957344
0.3464384975
0.0374975224
0.0007169526
0.0000169511
0.0400025194
0.0010614133
0.0322677494
13.8985978721
0.0002619691
0.1381360761
0.5541422383
0.0001626097
4.4052002571
3.8276920400
0.0128603658
0.2497314874
0.0000135417
0.1236057705
0.0000045690
0.2253432701
0.0488759795
1.7299171635
0.1837068708
0.0000062989
0.0001039900
0.0008084966
0.9718730646
0.0040884232
0.0003757945
0.0041322272
9.7882987097
0.4267601791
0.0000760006
2.0875931234
0.0410447253
0.0000029870
0.0000098584
0.0018372352
0.1575483982
0.0330502983
0.0000030842
0.0000190687
0.0000337567
0.0001686964
0.0000094811
0.0005424127
0.0000622090
2.5869689329
0.0041905173
0.0035131200
0.0000044772
0.0045279983
0.3338856136
4.7493410029
0.0000028004
0.2309701031
20.6921604113
0.0019250869
0.0016423300
0.0213096106
0.3670499407
0.2232009433
0.0088136484
0.5881153543
0.2562307355
0.0000027519
0.0000823053
0.0000021683
0.0010444883
0.0000081840
0.0019022308
0.4444652014
0.4820224810
0.0000199082
0.3003583764
0.0000021328
0.0049902764
0.0119874014
0.3881993315
0.0000569849
0.5247177357
0.0977782492
0.0429962906
0.0000186458
1.8204651786
0.0009705002
4.8424108635
0.0004220939
0.0101379677
1.1441296191
0.0106838047
0.0010359661
0.0018535848
0.0000120861
0.0106846139
0.1566735854
0.0012618668
0.0000474430
0.0417489842
0.0000378273
0.0773104720
7.4056740688
0.0055511741
0.0003261436
0.0052834754
0.0203154630
5.7086851577
0.2035483575
0.0290968119
0.2423588213
0.0000035673
10.3937656497
0.0991877729
0.0000021483
0.0001522979
0.0405884577
0.0439148586
0.0545366186
0.0001285988
0.2102004669
0.0000022830
0.0007026449
0.0001292078
11.9617754205
0.0000068634
0.4663573178
0.0362526710
1.1354467332
0.7628794282
0.8521364350
11.6613947598
0.1879273429
0.0006997231
1.5410373232
0.0000138092
0.0018221180
0.0246548464
0.0000501449
0.0012896313
7.5889064817
0.0008865026
0.2153516959
0.0000012419
0.0001070720
0.0766673943
0.4839954324
2.6091755932
3.4857022512
22.7794785210
0.0363451480
3.8749252542
0.0413283181
0.0199609138
0.0151076346
0.0000454625
0.0286211478
0.0004142850
2.2627621926
0.0087534709
0.4972259131
1.0239425496
0.0000324446
0.0000018012
0.0000145531
0.0005961794
0.0003442049
0.0000076548
0.0000234546
0.1315865659
1.4587719121
0.0064636588
0.0234026494
0.2773398195
0.5808956235
0.0000047379
0.0000056030
0.0000565412
0.0000028870
0.0127030329
0.1421735814
0.1253325857
0.0024821697
0.0000432022
0.0000048658
0.0006119960
0.0011107388
0.0002963214
0.0628123892
0.0891418889
0.0105867071
0.0000423598
0.0043063019
0.0006238257
2.4484345597
0.0000225099
0.1038576859
0.0000038636
0.2389488241
0.0065347913
0.0003719142
0.0044332135
0.0001255073
0.0060332618
0.1696345497
0.0000209148
0.0001107316
0.0000090785
0.0000644165
5.8863330644
0.0000023420
0.0272141401
5.4935504055
0.0054716467
1.0703778932
0.0000063008
0.8394471171
5.9898214756
0.0126682956
5.5249815179
0.0235786091
0.0011495576
0.0002780001
0.4419854375
0.0006919601
0.0003899790
0.6405197659
14.7719175320
0.0004065453
0.0139243678
0.0000470113
5.5698224631
0.0000022665
0.0040436809
0.8531782076
0.0050653011
11.3419542599
0.0000846357
0.0001401297
0.1642545504
0.1181754332
0.0000072640
0.0154810602
1.1040494112
0.1740587005
0.1137650575
1.2257728003
0.4497014011
0.0000087242
0.0000483519
3.9363821673
0.0000040881
0.0316665940
0.0001759921
0.0000220954
1.3898358469
0.0016906025
2.5981599100
0.0000026980
1.2931264882
0.0001846575
0.0119933423
0.0338508702
0.5335179061
0.0568170769
15.5507835790
0.5009040845
2.6297525881
11.9967433971
0.0021129000
0.0163025971
0.0028193148
5.5664867057
0.0141683483
0.0644084607
0.0016763216
3.8039721026
0.0013343153
0.0576766184
0.0342754600
0.0029266558
0.8146739858
0.0003273395
1.6638493717
0.2316410086
0.0004134246
0.0000181311
0.0000105783
0.0000229855
0.0007927689
0.0000027086
0.5606814485
0.0000056036
0.0233929165
0.0117205720
0.0000208217
0.9574157123
0.0002067890
0.0000879349
0.0000036074
0.0000067282
0.0027074432
0.0000040506
0.0031522950
2.4443806566
0.0053125678
0.0033424552
0.1740442486
0.0000395932
0.0000307383
0.0000017105
4.0701715544
0.0000193857
0.0004538727
0.0046619590
11.6630407752
0.0000097022
0.1361483148
0.0376680206
0.0183209003
0.0010375939
0.0008837970
2.2684871542
0.0000908306
0.0000097332
0.0705563098
0.2909696536
0.0000051918
0.0000898862
0.0046355950
0.0472916603
9.7711442079
1.2567030373
0.0029747095
0.0004733490
0.0000025581
0.0472116190
0.0000085567
0.0153761254
0.0000964374
0.0146004290
3.0392881828
0.0000133152
0.0000177647
0.0023735732
7.4053319376
0.0967711108
0.8560029741
0.0057219037
0.0000398113
4.9376713832
0.1745927242
0.0004363095
15.9116403880
3.2357831371
1.1094501110
0.0000032701
0.0175775833
0.0000773976
0.0003963068
0.0287728662
0.8619807310
0.0239932369
0.0022352290
0.0032000913
0.0575525400
0.2198426007
0.0001614304
0.8268190817
0.0183095795
0.0001904765
0.5395139826
0.7653149093
0.0003980118
0.2650285621
0.0792094703
0.0000308189
0.0003880006
0.0413532729
0.0493459375
0.1243106382
0.0012740348
0.0000021473
0.0000105163
0.0035177673
0.0000025091
0.0000087052
9.4229121786
0.0007858050
0.0000342787
0.0000128909
3.9612957072
0.0000030191
0.0000159315
0.0023816838
0.0003806719
0.7994574342
0.0283786163
0.1596717969
4.9525872181
0.0001149844
1.3509558551
0.0380510309
4.9674281886
0.0024410558
3.5895527884
0.0000603267
0.0003158307
0.4740699617
0.9553100383
0.0000048177
0.1467557853
0.4220111378
0.8345930950
1.4141169667
7.9061284267
0.0047819433
6.6210167868
0.0000091279
0.0000306822
0.0001715459
0.0003303818
0.0003617356
0.0000263913
0.0018225725
0.0329925391
0.0091645320
0.4835232345
0.0005037267
0.0887334045
0.0065566468
0.0008984710
0.0000277508
0.0000726188
6.7425819624
0.0000093730
0.0080666015
0.6424604199
4.1013377766
0.0000192387
0.0786140382
0.0041406589
0.0007158692
0.0000028840
0.5207487633
1.1464591697
0.5030699475
0.0000564207
0.0000612253
0.0000045564
0.0004742421
0.0017718578
0.0000535846
0.0000134905
0.0009122350
0.0000571023
0.1633177335
11.8201939028
0.0609974226
0.0000046961
0.1116683425
0.0001383201
0.0083661250
1.6549374943
0.0000214995
1.6498302119
0.0067303468
0.0483533823
0.0000105123
0.0000551360
0.0967317106
0.0000095965
0.0000024442
0.3197017019
0.0000020593
0.0000216146
0.0004939933
10.9885247426
0.0003449225
0.0217449598
3.1163174886
0.1771104035
0.0184600234
0.0000141571
22.3959529832
5.2880734733
0.0000014860
14.8433232658
6.3455246111
0.0033274513
0.0000276873
0.3931943905
0.0010348928
7.7101797562
0.0002887834
0.0002453048
0.0000086653
0.0003831033
10.8842679946
0.0000028957
0.0464024078
0.0000081451
0.0013145769
0.2569316342
6.9945282063
0.0348859834
10.1475426556
0.0000423317
0.0176486323
0.0077888396
0.0054248584
0.0307732043
0.0000514093
5.1693415329
0.0001709804
0.0155440576
0.0000643008
0.0000638079
6.9413578426
0.0005617856
0.0379786550
0.0005973444
0.0000025134
0.9075881280
0.0014201731
0.0000022236
0.0000159056
0.0000064274
0.0000188801
0.9542192719
0.0006309641
0.0213161437
0.0000280262
16.2648218354
0.0051547223
0.0000388598
0.0006565669
0.0124359250
0.4711537610
2.1424181199
0.0000404554
0.0335048307
0.0550395033
0.1369469579
0.0000015560
0.0003057999
0.0000413382
4.8085751732
0.4522945482
6.6455419614
0.0053869107
0.3930462159
0.0337909409
0.2193766947
1.7474580338
0.0000240029
0.1758394402
0.0000250913
1.1659670600
0.0143856883
3.6777092590
0.0000047435
0.0141444715
0.0000026327
0.0005466498
0.0011700630
11.6081229644
0.0268647126
0.0000017089
0.0000252477
0.8322729171
0.0000073578
0.2023696947
0.0000106445
0.0040046958
0.1597237258
5.4854922838
0.0002194912
2.4512813555
0.0497383677
0.0004970445
0.0054234007
0.0486823626
0.0107218765
0.0095851653
0.0326300038
17.6109279714
11.8712308265
16.5652359301
0.0014200835
0.0070066445
0.0001193610
1.4197456796
0.0054803420
12.3864327369
0.0839153243
1.8816192881
0.0244798257
0.1422652290
0.0269084278
0.0617111862
0.0129792712
2.5774180250
1.6035682241
0.5391482490
0.0119100524
0.1464725517
0.1410585806
0.0000011487
0.2920817598
0.0238225756
0.0000296057
0.0002889102
0.1409976859
0.0012256551
2.3344015548
4.0934646277
0.0026961014
0.0000928648
1.0652144946
0.0004306563
0.0038895585
0.0261494857
0.0000122274
0.0457753284
0.0000077252
0.0010718507
0.8364997045
0.0000175409
0.0009293056
15.3620500641
0.0463780631
0.1344450196
0.0019502863
0.0051562300
0.7933437047
0.0001304291
0.8073895926
0.0031271762
0.0000034303
8.8791244981
0.0002393604
1.2114949543
9.2057336655
0.0005134080
0.0209823727
0.0005278547
0.9421481844
2.4634571790
14.4213045739
0.5922346743
0.0000068626
0.0248893316
0.9450534603
0.0011707571
0.0000015936
0.0015011733
0.0000083267
1.6493079464
0.0001372639
0.2128419697
0.0000344145
0.0014291892
0.0000052602
0.0000694722
0.0005050611
0.6795272321
0.0224276829
1.2304529243
0.4048817308
0.0001955189
13.9361284083
6.0601995974
0.0000131985
0.0000114749
0.0096020565
0.9106009726
0.5118923601
0.0000032089
0.0001768137
0.0000412374
0.0000024386
0.0000059595
0.0006644710
0.0000035538
0.5677472036
11.1567506362
0.0000254437
2.8963109284
0.0279000229
0.0000040962
0.0000331930
0.0014545192
0.0012503405
0.0000070094
0.0000087542
0.0000285998
0.0785505752
0.6985018930
0.0000463124
0.5693498240
0.0055848548
0.0000367657
0.0000339504
0.0000050123
0.0039906366
0.0001000823
0.0003032844
0.2299923827
0.1149525942
0.0007940629
0.0071915526
0.0000023533
0.0002023213
1.9776762056
0.2283728530
9.0983383779
15.2306878648
0.0002258393
0.0000554917
3.3230137739
10.6999389685
0.0000346254
3.1021184699
0.0103407075
0.0000250192
13.7084959746
2.3290675869
0.0000962037
0.0273894870
0.4098176031
5.0209733567
0.0000451546
0.0000187475
0.0695658937
0.0111022692
0.3822595539
0.0002233603
0.0000207228
0.0000213149
0.0000016783
6.8052480310
0.0008081577
2.3402337224
0.0001224666
0.0000147851
0.5368585785
0.0001114481
0.0024517827
8.3660201810
0.0016280564
0.0072725563
0.0002480180
0.0002832918
0.0089198180
0.0000032129
0.0002072704
0.0050897096
0.0007604919
0.0000033748
0.0140695150
0.0000219210
0.0000258971
0.0005432477
0.0011695913
0.0543393196
1.5406542054
0.0331228448
0.7719255706
12.9013035334
0.0000160780
0.0000027525
22.8895158442
0.0009930686
27.2831514834
0.0005938932
0.0000330530
0.0000099519
0.0001028498
0.0002074231
1.4467522869
0.0000134085
0.0250269860
5.1362793756
0.0000109145
1.4966505988
0.0000114297
0.0982827114
2.5262174467
0.0000531861
0.0000027226
2.0357680231
0.0000539833
11.0032480248
0.0035590533
0.0001556521
0.1444639767
0.0001295485
1.7984212667
0.0198168361
0.0002051661
0.0510843964
0.0896963304
0.0000040308
0.0613805015
0.0000050867
0.0017793122
0.0000020045
0.0003226711
0.0137357733
0.0000935285
4.5242917123
0.1873571536
0.0007254317
0.0057455536
0.0015330705
0.0549555849
0.0008977061
0.0000674665
0.0000131220
0.0005516628
0.0000266139
0.9499045745
0.2952823307
0.0000061726
0.0000087515
0.0040862917
0.0365715678
0.0913356897
0.0217286533
2.7030803610
0.0318145701
1.0164773681
1.2157172090
0.0000730814
0.0020291184
0.0215876986
0.0034715650
0.0011307026
0.0172272147
0.0002420110
0.0000014502
0.0457047911
0.0003586930
0.2640657548
0.0014455959
0.9910318392
0.0043666126
0.0128485945
12.8050961601
2.3941185113
0.0147165853
0.0008499904
0.0005932400
0.0000284238
0.0000162460
0.0000622910
0.0934473969
0.0000017139
0.0000025605
0.0235517898
0.0001760985
0.1526780569
0.0000789128
0.0969437087
2.3327828785
17.2861722304
0.0002236313
5.3419771814
0.0003079275
0.0176508763
1.6134613278
0.0099566579
0.0000069542
0.0000685724
0.1267927572
0.0000292655
0.0105668625
0.0000228773
0.0005112094
0.0000580807
0.1157783531
0.0000120573
0.0001853101
0.0010594149
0.0012079704
0.0289720446
0.9337989158
4.4508512335
0.0000149677
0.0000134519
0.0738973004
2.2890296173
0.0087774569
0.0002547147
0.0002113611
0.0003668616
0.0000104717
0.0000747547
0.0044391522
0.0008682626
0.0878087418
0.6988889394
0.0230406704
0.0000952279
0.0000336801
0.0129101319
13.7676417784
0.0265430044
4.9312771424
0.0002250645
12.4395521143
0.0001741171
0.0000145189
1.2757379626
0.0227596297
0.7477879381
0.0012071763
0.0000024895
0.0023804698
1.4000317211
0.0041713328
0.0001346735
0.4091248414
0.0000093577
0.0000347211
0.0000124125
0.0000013120
0.7910156560
0.3603814717
0.0031881585
0.0000060342
0.0003493737
0.0022922360
0.0033870689
0.0003844517
0.9129360587
16.2526461933
0.0005446634
4.6988190349
0.0000059279
0.0044967909
0.0016052368
0.0000099125
0.0004965476
0.0004066737
0.0000140357
0.0000031341
0.0442707827
0.0079152387
0.0219083566
0.0002058304
0.0357112187
0.0003102427
0.0000049747
0.0000050588
0.0096157413
0.0000137957
0.0054045164
0.0611049317
0.0000106367
0.0000032306
0.0189856219
0.0001708079
0.0000717143
0.1753628104
0.0001732371
0.0000072605
0.4200017189
0.7375084740
0.0280270015
0.0000033961
0.0009734717
0.0000229753
0.0008204506
0.0000047763
0.0042295739
0.0186488817
0.0000024391
1.6531157217
0.0232990677
0.5110723074
0.0022029220
0.2318418262
0.0000260937
0.0250787761
0.0152106002
2.1150990584
0.0626439028
0.0377172864
1.2243962226
0.0000013357
0.7325825958
0.4064308198
7.6552504477
0.0000074766
0.0215935580
13.0410872353
0.0243796002
23.6157492868
0.0000164455
0.0000045533
0.0005957562
0.0530944604
0.0036683468
0.0000097068
0.0000644574
0.3476295420
0.0000381696
0.0004612007
0.0000115282
0.0734554182
0.0001123888
0.0519874568
0.0000131937
0.0000082401
0.0015685730
1.7806983836
0.0000138833
0.0000678568
0.0000074089
0.0000045577
0.0080763015
0.1483300517
0.0020880320
0.0000033029
0.0035793411
0.0011930307
0.0075090691
0.0002944326
0.0000101998
0.0003775806
0.0044756664
0.0000497222
0.2106814754
0.0000243553
0.0000024341
0.6858117904
0.0001383685
0.0003847442
0.0003813240
0.0001965218
0.0049356012
0.0624352577
0.0012796323
0.1111476629
2.6369006579
7.6493405407
0.1851128090
0.7201515140
0.0004431145
0.0000125743
0.0001532863
0.0011821080
0.0000322554
0.0120485337
4.3424122169
0.0265714765
0.0001073499
0.0000111888
0.0013440421
0.0019482882
11.5942148421
0.0228855289
0.1715889072
0.8019624303
0.0889666960
7.8800529418
0.2110872640
0.0036220331
0.4348083267
0.0001204235
0.0000027564
0.0000031653
0.0699745579
0.0008582130
0.0019762856
4.3278446984
0.0000026465
0.0092372089
0.0013597859
0.0028155947
0.0245220452
0.0010786147
0.0004775741
0.0036757391
0.0068622528
15.0670981213
0.0001115314
4.4886741672
18.2727312997
0.0355913373
0.0230510298
0.0368216663
0.0063050476
2.0239232771
0.0042472754
0.0001303634
2.2294533256
0.0021922063
1.7828799415
3.8475557981
2.0225329931
0.0000061069
0.0093262045
0.0007757647
0.0020538580
0.0001794129
1.2568921967
0.0171209403
0.0024050195
0.0000022061
0.0030713015
0.0003659874
0.0002240831
0.0032021593
0.6669856193
9.2756687527
12.9401679478
0.0072617108
0.1765610136
11.3154571432
0.0001662234
0.7627591790
0.0000885910
0.0000021073
0.0000745886
0.0000429920
0.0000109046
0.0001700396
0.0347431496
0.0000172938
0.0000868127
4.9169063310
0.0000027539
0.0000118550
0.0000150586
0.0404053599
0.0000019037
0.0715866907
0.0003222694
0.0001034135
0.0721851903
0.0000247442
0.0005269277
4.8485205684
0.0000024935
0.0000419309
0.0000569068
0.0012410664
0.0214845029
0.0002458377
0.0000099826
0.0621527189
0.0000202718
0.6421002516
0.0713328374
0.0048953429
0.0015680478
0.0150411059
0.0000055419
0.0000051190
0.0000100322
1.7803242691
0.0026037455
0.4491970362
4.3107720860
0.0007654382
0.0226652287
0.0131025223
4.3115371396
0.0011052128
0.0001047125
2.7410338078
0.0210424600
0.0004788790
5.0645765394
0.0000224143
0.0000143170
0.0000094789
0.1790546791
0.0160680245
0.0001283558
1.4523266998
0.0008818171
0.0000039173
0.2514734977
0.0390877712
0.0007276313
13.0118210114
0.0012718692
0.0015930113
0.2468149582
0.0023707745
0.0000133160
0.0000251739
0.7897100363
12.1190522805
0.0001608479
9.4399945615
0.0004580242
0.0021038741
0.0000233369
0.5320487051
0.0674347677
0.7359305516
0.0298751603
11.2503140494
0.0003813679
0.0581150567
0.0002711985
3.4520625065
1.4657782944
1.7793957799
0.0327471376
13.3153102423
3.1792080864
0.0026970136
0.0165498257
0.0000369326
0.0015508560
0.0853207000
0.0000010451
0.5795447387
0.0001961760
0.0068401702
0.7102084569
5.7414412490
0.2338614746
0.0027361440
0.0003700023
0.0001407603
33.4860327805
0.0005928795
0.0154216545
0.0014775765
0.0412328642
0.1533206023
0.0021188411
0.0000048198
0.0009140882
3.5826577755
0.0876101848
0.0000180221
0.0023422222
4.6998723477
0.0422158461
0.0009892846
7.7092669583
0.2515772242
0.0000658959
0.0019650091
0.0004969291
0.0442190577
0.0001596309
0.0014970136
0.0001344559
0.0024215068
0.0000052170
0.0010929696
0.1736268736
0.2910278434
0.0000324116
2.1447507275
1.8393065372
0.0033016063
0.0148696538
0.0051632408
0.0008557380
0.0011650787
0.0491781816
0.1735079086
27.5648033388
0.2463545981
0.0000021601
1.8349225709
0.0169150132
0.0000498346
0.0176719009
0.0001764300
0.2103211409
0.0334740630
0.0577974069
1.3672415726
0.0038026135
0.0004386424
0.3548028982
0.0000040650
9.3700876336
0.7531376381
1.2096457278
0.0001146625
0.0000643745
0.0000688567
0.0362613998
0.0001248292
0.0000018253
0.0000591169
0.0000549361
0.0256404156
0.2679474614
0.0034440841
0.0000112268
0.0034181716
0.0000054188
3.4386042941
0.5220031653
0.0000315028
0.0002319240
0.0167882967
0.5326030132
0.0002998066
0.0001385019
0.2692590561
0.0000435450
4.6442112641
0.0007269035
0.0121304670
0.0001204419
0.0000797421
0.0000038791
0.1286564308
0.0054515321
0.0057079977
25.2858080888
0.0055219470
0.0080437415
0.0578848352
0.0003069120
0.0884976650
6.5731569507
0.0001975354
0.0000365569
0.2295436178
0.0044327919
0.0000017233
5.0868229206
0.0019999697
0.3271636970
0.0000028234
0.0000045611
2.3840526328
0.0066628193
0.0668585773
0.0025801121
0.0015708625
0.0110629396
1.0238325563
0.0009033495
13.4928532589
0.7331600049
0.4027661595
0.6102787870
0.0002941413
0.0002620441
0.0035674951
0.0000580492
0.0951799961
0.0000817539
0.0070377385
0.2708813887
0.0248200489
0.0018162725
0.0000025304
0.0431859221
0.5317351938
3.5221922440
0.0000196930
4.6337990204
0.9836036759
1.3118104357
11.4751237989
17.7615127698
3.0493447292
0.0000959568
0.0000661895
0.0031701889
0.0448602720
0.0046662901
0.0555002920
3.3415954253
0.0454676075
0.0000097430
0.0000119147
0.0000167295
32.8382331489
0.0026491859
0.0000066804
0.0000735608
0.0016524231
0.0099055411
0.0004094071
0.0213613654
0.0000053875
0.0000240422
0.0000023026
0.0000179242
0.0144725413
0.0000176716
0.1503359748
0.0000451269
0.0000010490
0.0312570025
4.0658150239
0.0000014263
0.0000032639
0.0001182329
0.0000032132
0.0000048983
0.0000248069
13.8678866370
0.0165279596
0.0002132373
0.0000074298
0.0003727022
1.6185860626
0.0000234794
0.0062590192
0.1320938299
0.0469507818
0.1092212551
0.0000461317
0.1016993176
0.0006759733
0.0000082606
0.0000901138
0.0295291331
0.2031267760
0.1061306720
0.0000020543
0.0486905011
0.0000089239
0.6804594918
0.0101606380
0.0001512422
0.5312835411
0.0086793852
0.1307211712
1.2671221366
5.3608331935
0.0000568167
0.0000496573
0.0003588236
0.0000345332
0.0560069605
16.3831234372
0.0023336075
0.0000371955
0.1708026079
0.0087319525
0.0009673697
0.0000084851
0.0000168597
0.0419655425
0.0330070717
0.0002733077
0.0000017879
0.0221755404
5.7824886191
0.0000657998
0.1278929922
0.0615882030
0.0032563418
0.0000368654
0.0006095653
12.6501216885
0.0008415524
6.7408922027
0.0009385150
0.0002639116
1.8338328974
0.0000184533
0.0026618309
0.0011421877
8.0029672387
0.1236030987
0.1752292636
3.4731303824
17.0791368766
4.6670308957
0.0675866698
0.0009301792
0.0000067183
0.1222515304
0.0007110776
0.0000797287
0.1281703031
30.3568849996
0.0359191282
0.0000071487
0.0000550965
0.0000341332
0.5464314166
0.0007335825
0.0045847521
0.0002024397
0.6872783648
8.6593322639
0.0000625572
0.0000044533
0.0021834683
0.0000613970
0.0000045627
0.0000503343
0.0222206006
0.0099976544
0.0411733827
0.0004031700
0.5261344376
0.6256255269
0.2981396073
0.0071786113
0.6329880535
1.1976029162
0.0885439459
0.0001341529
0.0003408130
6.3056246722
14.9940476853
20.6388906345
0.5843107475
0.0074363004
0.0000040172
0.0140343670
7.8422913237
0.0084905917
3.8914881781
3.1413514236
0.0013184661
0.0870898770
0.0000269314
0.0000146107
0.0109146772
0.0000026551
0.0003072923
6.3385795074
0.0001393528
0.0019294920
10.0622986053
0.1488699498
0.0350084194
0.0480702679
0.0013132372
0.0005686201
0.0001158228
0.0100059008
3.8040695959
5.4623551970
0.0000047349
0.0261556148
0.0000777188
0.0021282119
44.8474329160
0.0000081753
0.0003276232
5.8335135237
0.0000454926
1.6798331177
0.1590832404
0.0000530810
0.0000237181
0.0035520305
0.0223931536
0.0000132770
0.0748655313
0.0000456320
2.8359137997
0.0000060493
0.0000014887
2.4552958119
0.0004404721
0.0000083324
0.4801464272
0.0505211181
2.0956626888
0.0000239731
0.0000307708
0.0001143411
0.1072445164
0.0850743776
0.0000709104
0.0162862193
0.0000023187
0.0000064232
0.0003550619
1.4189313421
6.8061766645
18.6672887427
6.0337682677
4.6056040660
0.0058602830
0.0000475665
0.0000227847
0.0008379554
1.6454491077
0.0012329467
0.8741560438
0.0519683482
15.0304997402
0.1338637607
0.0001499807
0.0162685118
0.0006191043
1.8297879448
0.2684282724
0.0504971306
0.1436367378
0.0000310101
0.0006170885
0.0000828590
0.0001930890
0.0000321130
0.2287868284
0.0609936358
0.4739592471
0.0000461743
0.0002954842
0.0001056761
0.0005451984
0.0348371474
0.0299710303
0.5511318677
0.0000958134
0.2570317475
6.5459706913
0.0241140628
0.6487048387
0.0012143147
0.0000078017
0.6714004851
0.0682091568
5.1685681988
0.0000052942
0.0000139817
0.0000010407
0.0000302230
0.0000713501
0.0015120229
3.2435154469
0.0552426881
0.0254718791
0.0000094421
0.2439393874
0.2454246487
0.0387656020
0.0000739418
0.0063511112
13.8097511808
0.0000039499
0.0000359020
0.2610060154
0.1014109534
0.1491662404
0.4825409260
1.4163616703
1.5397717509
0.0027762819
0.0870750487
0.0005493427
0.0094283167
1.0064532524
0.0000150955
0.0002045440
0.0167817559
0.0004022873
0.0000028872
0.3978411511
0.0068157648
1.3762461627
0.0002203970
0.0218515497
0.0471490081
0.0000102213
0.0002897581
0.0048911330
0.0055301751
0.0000403467
0.0000029436
3.4264895096
0.6823323332
0.0000012563
0.0008897234
0.5673364161
0.0027444722
0.0004193508
0.0019611331
0.0012304740
0.0005521497
0.0000818355
0.0000012458
0.0000081211
0.0089474251
0.0001649129
0.5690396749
0.1975657827
0.0000166541
0.0000050038
0.0000032150
1.2193821362
3.2570366641
0.2010535214
0.0576607052
0.1949217638
0.0000896613
1.0453343640
0.0014419173
0.0000248142
0.0558205025
0.0008863772
0.0673091078
0.0325513883
0.3911704538
0.0000499930
0.0001324036
0.0000368086
3.5722655562
0.0023659001
0.0002432805
0.0075879080
0.0000038772
0.0206157226
0.0000973246
0.0000985742
35.5491723681
0.0000013662
0.0232212540
0.0008683564
0.0239662728
0.1640347252
0.0000439756
2.4828737186
0.0043893918
1.0474835105
0.0002707587
0.0066265176
0.0780470421
0.2369341833
0.0004689004
0.0000094426
0.0007445450
0.0000189435
0.0076886647
0.0000298184
0.0013268025
0.0000106431
0.0030740585
5.6673615115
4.1889460227
1.6319763860
0.0547802735
0.0541390448
0.0002075345
3.8415156427
4.5747407348
0.1728252026
0.0000594914
0.0000053440
0.0137548992
0.0848890894
0.0001746538
5.4497602810
1.2476016621
0.0223038360
0.0112115163
0.0008286760
0.0000041136
0.0004789612
0.0000651156
0.0000834938
0.0000689345
6.1979118994
0.0024218749
0.1816921741
0.0138642493
0.0114150404
0.0000163369
0.7576084036
0.0176642055
0.0322501170
0.0000110732
1.4256649226
0.0000143430
0.0000385168
0.6077812444
0.0010789416
0.3975980434
5.9817553494
0.0000028215
0.0074472541
17.2901877163
0.0024322016
0.0580755938
0.0000429988
0.8439514407
0.0000146322
0.0011989673
0.0176015642
0.0000952401
0.0000534596
0.0000022779
0.0001915028
0.2435210974
4.5929836375
0.0000011991
0.0001433488
0.0305039035
0.0000067929
12.9359259373
1.0980982683
1.0435480722
0.0004873363
0.0170425919
20.2612426866
0.0000049705
0.0394885950
0.9443015650
15.3101797897
0.0005508645
1.5769733504
0.0000100327
0.0016900926
0.6836988831
1.1452416477
0.0003239689
0.0000454659
0.0846876498
0.0002951030
0.4558236237
0.0014553403
0.0000938349
0.0000078424
0.0365881772
0.0457479447
0.0276638536
2.0446183728
0.0007777566
0.0000134274
0.0024618428
0.0323325695
1.6675856867
0.0000175805
5.2894555608
0.0094184167
0.0001036802
0.0000679799
0.0948002818
0.0006496877
0.0000214376
0.9029871520
5.5004260337
0.0003289917
0.1339674876
0.0136795258
0.0000520187
1.9154958188
0.0000279227
0.1290705708
0.0259298665
0.0000255744
0.0066132997
3.5059143296
0.0454150792
0.0007408042
0.0000891548
0.0032034156
0.0000027888
0.0075141323
3.3216980897
0.0000035758
17.1235125205
0.0022551549
0.2369488923
0.0001432636
7.8116315422
0.0144382087
0.0000215625
0.0596111175
0.0018663219
0.1633395278
0.0076935385
0.9054687656
0.0000060960
1.0608996795
0.0197794070
0.0174326706
0.0000374877
0.0713018105
0.0001513771
0.0001834931
0.0503662055
3.7660087242
0.0000037739
0.4395725774
13.5389162081
0.0000101767
0.6051303035
24.9595019261
0.0000124442
0.0004808549
0.0000141024
0.0000015872
0.4381801004
0.0001216415
0.0000519052
2.2373029390
0.0181865428
0.0018110550
0.0453984179
0.0571425919
0.0000207140
0.0198439450
0.0171283818
0.0000413875
0.7181836906
0.0053423425
0.0000011225
0.0036886152
0.1013173557
0.0205470710
3.6575617672
0.0000056316
0.0009033046
0.1096378842
4.6581391341
0.0000013007
0.0000256972
0.0012780568
0.9406198899
0.0000140439
0.0266564295
0.1171773508
0.3317352376
0.0000373544
0.0001191377
0.1098326406
11.1922608515
0.0165700084
0.0001167848
0.0000623811
1.6088600425
0.0232853574
0.0000224588
0.0921819114
0.0027175221
1.8540971549
0.0000161730
0.1077887654
0.0071013814
0.0002067737
0.8552088105
0.0000114712
0.0065671939
24.2209042191
0.0000023961
0.0005812194
0.0004317172
12.1048731548
0.0070160243
0.0002564771
0.0069152886
0.0188693001
0.0053704917
0.0577289437
0.0000029976
0.0000483496
0.0081516149
0.2224241674
0.0068145565
0.4357268099
0.0000172163
0.0000500702
0.0002194287
0.0937134636
0.0000144639
0.0000013909
0.0529075906
0.0000771367
5.1632368378
0.1494210826
0.0059682765
0.0000019263
6.5882015445
0.0000242141
0.1031899087
7.8099139625
0.8173181911
0.0047168529
0.0000011236
0.0002490949
0.4405499495
0.0020434517
0.0005023106
0.3043397567
0.0051941633
0.0000047340
0.0209246633
0.0080267097
0.0003479403
0.0144860494
0.0258089478
0.0005287731
0.0010472168
11.0146214072
0.0757316364
0.0133766805
0.0000284448
0.0251522218
0.1446642451
0.0000047174
0.0509153360
0.0003701347
1.0194080133
0.0344620547
0.0540138489
0.0000222004
0.0006212580
12.5339621272
0.0000221884
0.0007094090
3.2697714570
0.0000164190
0.0291890846
0.0276646320
0.0000130546
0.0010172244
0.0001625764
1.0343851423
1.9810543609
0.2006454884
0.0998459779
10.2082943185
0.0000038292
1.4698066805
0.0002697646
0.0014233186
0.4257505193
4.1939118090
0.0000064676
0.0551617820
14.1729219834
0.0000278685
0.0000867844
0.0000136922
0.0013817198
0.0222999310
0.0000478865
0.5111847079
0.1003354392
0.8322816131
0.0000075620
0.5429305553
1.2755656888
0.0000099571
0.0000102664
0.0002087173
0.1126795474
0.7532705905
0.0027410957
0.0011370278
0.0012715927
0.0009965566
0.0017624477
0.0005007248
0.0030279540
0.0002117905
0.3980776112
0.4695823936
1.8616053013
1.2132195664
0.0004094799
0.0138949149
0.0199045662
0.0191072374
0.0003632475
0.5620560523
0.0002025703
0.0441772513
0.0095659007
10.1944588041
0.0000064434
1.6815219103
0.0093980680
0.0262383294
2.2765044135
0.0000163599
0.0022825578
0.0283532770
0.1198671327
0.0043711005
0.0000019516
0.0015511911
0.0164900600
0.2803156562
0.0095621928
0.0000377827
0.0000098482
3.5804200574
0.0000072968
0.1652193728
0.0006682095
0.2438672416
3.7765752499
0.0001858798
0.0019343091
0.2702118913
0.0030233491
0.0004126820
0.1334273425
0.0004814430
0.0000088423
4.9590659577
0.1531646434
0.0000241990
0.0000316038
0.0031698967
1.6063564980
0.0000034467
0.7403353937
3.7212975845
0.0000179804
0.0551600062
2.7198512924
7.9162602450
0.0016426232
0.0122215468
0.0363928446
13.7952763569
0.0126546953
0.0000183724
0.0008977651
0.0456504971
0.0067102877
0.0021359026
0.0762845467
0.0000423715
0.0000124650
0.0000799785
1.4434305949
19.1966153207
3.1408123125
0.1611686878
0.0134841782
0.0152527112
7.7871960931
0.0577782823
12.0730251359
3.1381701107
0.0001386406
0.0000062231
0.0025689686
0.0000642084
3.5898712928
0.8435447505
17.3108547767
3.5161127709
11.8210671357
0.0000294418
0.0000209530
0.0006244838
0.0480219561
0.0000121849
0.0000485420
0.0000041036
0.0000058452
0.0153959582
0.6552589273
0.0714007115
0.0000293643
0.0179155168
0.0001472617
0.0449004072
0.0134195640
2.0012297034
0.0038863457
0.0002802617
0.0001335062
4.1461329861
0.0058854125
3.1544018913
0.0003360877
0.0000472583
0.0000420929
0.0002229210
0.0339373139
0.0002112415
3.1375594509
6.8556036469
0.0002728669
0.0000043406
0.0000030050
0.8682445043
0.0186754223
0.0000522537
1.0393202770
6.7199589547
0.0393811724
7.5947776547
0.0001690899
0.0561029085
0.0009954603
0.0454070543
0.7656523315
0.3650432680
0.0000240795
0.2320513925
1.2760422863
0.0000088599
0.0552144008
2.8508247183
0.0102720396
0.0000172280
0.0000159369
0.0002858292
0.9554639903
4.1728036233
0.0000010046
0.0000053068
0.0003516921
0.2606519028
0.0000777233
0.0150628553
0.9700155177
9.6391675248
0.0003986389
0.0000119023
0.0575594864
0.0000643447
0.0002618236
0.0005677207
0.0000261588
0.6756407897
0.0244379283
0.0997940799
0.0437147718
0.0005397094
0.0068448322
0.0011799824
0.0004167369
10.1921575816
0.1184460613
0.0000449703
1.1781862837
0.1638705424
0.0064965195
0.0017867811
0.1422684221
0.8146747266
0.0013865853
15.3914198433
0.0049139921
0.0000563277
3.2992519287
0.0001525119
0.0053259855
2.4972047898
0.0032149482
0.0034373647
18.5057401140
0.0012067911
0.5458007836
0.0100472633
0.0010623241
0.9111492132
0.0064992496
0.0000152851
4.0842814924
0.0001113073
0.0006271376
2.4866209713
0.0018834229
0.0549440261
0.0000553164
3.9130247256
0.0003656077
0.0029052444
15.5141854288
0.0108271022
0.4537851627
0.8427859295
0.1427163527
0.0003407278
0.1214463386
0.0009733064
0.0007488566
2.2025921159
0.2611457288
0.0000020633
5.8546243664
0.0001647075
2.6661867065
5.1238978039
23.1783161052
0.0000078677
0.0000246549
0.0000231234
0.0732432594
0.0000053686
0.0056364629
6.6957590528
0.1400343399
0.0003132295
0.0062171778
6.2326464022
0.0034998262
0.0001205571
0.0003235320
0.0000846615
0.0108906998
0.1873894353
0.0137187117
0.0437478994
0.0095431347
0.0024251376
0.0003715922
0.0000273140
0.1730986035
0.0000079402
0.0001771199
0.0000245856
0.0007562908
0.0000010900
0.2428410854
0.6157154171
5.5713012477
21.2434351269
2.0288127814
1.7286295915
0.1043894121
0.0000384513
0.0000683360
0.0007757803
1.0987158524
0.0175100576
0.0000027753
0.0011632979
2.1752370142
0.5406600400
2.5930794625
0.0314639618
0.0002366744
8.5353826085
0.0049570089
0.9316049336
0.0000056130
0.1905710225
0.1196016352
0.3133747918
1.0743566001
0.0182979885
0.0150615867
0.0050608488
9.4841207127
0.0000626243
0.0000380583
0.0063111896
0.0000180465
0.0000049365
0.6611286121
0.0000074851
10.6201708359
0.0333430236
2.2813829779
1.6474910512
0.3835329511
0.6578140261
0.5224266342
0.0000070400
0.0002112236
0.0240386643
0.0000191951
3.8685873035
0.0076468368
0.0012454566
2.4956880653
0.0002906439
0.0122558019
0.0003527078
0.0000032885
1.4781987190
0.0061693307
0.0000502988
0.0006554607
0.0320064376
0.1142644866
3.0105784235
0.3704650691
0.0000162220
0.0024710868
0.0000062721
0.0004150180
0.0043726546
0.0028834819
0.0359755114
0.2614192925
0.0000110511
0.0302491535
0.8797791893
0.0011900308
0.0001986368
0.3074802115
0.0013322894
9.8299197753
0.0343762269
1.3536335593
1.2378248824
0.4197248602
0.1199266353
0.0007024000
10.3268207203
0.0013541091
0.0000347454
0.0509439330
1.2705931152
0.0021299918
0.0001254974
0.0002468018
0.0817526457
0.0539847971
0.0130253049
0.1834114020
0.0052741688
0.0090418692
0.0015671696
0.0000827425
0.0072556281
0.0000337546
7.1839647454
0.0000080493
0.0000312618
0.0004203404
2.9639143803
0.0093320819
6.3187739219
0.0001643264
0.0000682415
0.0072414283
0.0028676369
11.3749275313
0.0000088194
0.4370820000
2.9369129713
6.4115832327
0.0003489725
0.6865656953
11.5639907028
0.5278147610
0.0007866396
0.0001506100
0.2137066952
0.0574596533
0.0063109868
0.1279238956
5.5330643808
5.4163667344
23.8116145789
15.2419850514
0.4148639588
0.0001349210
0.0000590605
0.0000065845
0.0000072512
0.1781356444
0.0000055414
0.0000444949
2.4888251691
0.0000977328
0.0011920966
6.2430055054
0.0000040328
0.3076159586
1.8908820047
0.0122518462
0.0000060911
0.0001087555
0.0000061438
0.0000094747
0.1205385470
0.0345454416
0.7108475235
0.0002636145
0.0649656926
1.9274402490
0.0771174803
8.9375937514
0.5085406195
0.0049841950
0.0021680432
0.4516928087
0.0000757749
0.0159130872
0.0000085403
0.0000380822
0.0002274341
0.0600082292
1.0019289090
1.0309721360
0.1697781773
0.0002355831
0.0000057805
0.0000572819
0.0000876046
0.0000214394
0.0241432261
0.0008022343
0.0367307553
0.3480024001
0.0000018862
0.0000184877
0.0000062209
0.0000134896
0.6959206296
0.3290542509
1.1949195707
0.0001283566
0.0000376099
0.0064050550
0.0000916292
0.0023445864
0.1249054346
0.0040054348
0.0000136765
0.0000071654
10.2250995285
0.6936195994
0.0000988298
0.2338631689
0.0017873685
8.4029501426
0.0042808577
0.0512318383
8.0904985532
0.0000369415
0.0009892614
0.0362151640
16.2867785342
0.0000148294
0.0266701839
0.1208756634
0.0119395657
0.0000045502
0.0084567857
0.0615919522
0.0021770737
0.0000782130
0.0031128190
0.0000025635
0.0023960733
0.0000058315
0.0065829609
1.6325232669
0.0000092822
0.0000146924
0.0348133144
0.0024612518
0.0012114832
1.7099611960
0.0000022241
0.0010002462
0.0891365231
1.7148094167
0.0009358750
0.6989372777
0.0006781944
0.0000831768
3.2592136778
0.1717687750
0.0163205547
0.0000484567
15.2181523253
0.0020038093
0.0010226341
2.1137940555
0.0000013818
0.0004044091
12.7319236676
0.0000031618
0.0000067306
0.0850029638
0.1492137663
0.0001204065
0.0490394126
0.0209964463
0.0000022433
0.1000206110
0.0006297592
0.0000829191
0.0001826750
0.0000060172
0.0000198390
0.0012224865
5.4474480873
0.0003988082
11.1397003588
0.0023788472
0.0431422081
0.0020273210
0.0049318108
8.7315191576
0.0003874331
3.0037499486
12.5949121943
0.0052572762
1.1473165693
0.0290964950
0.0000997219
0.0001740699
0.0000149681
0.0870903242
0.0199815191
4.1871207835
0.1079432575
0.0000070759
0.0057653207
0.0285744962
0.0017791473
0.0001299258
0.1872070567
0.1085618095
12.4349393467
0.0016879134
1.5251739302
0.0005841611
0.0165526536
0.0058565362
0.0017851289
6.5933112618
0.0000090681
0.0000140214
0.0000117628
0.0001715553
4.9212103860
0.0016342562
0.0000228051
8.9141690391
0.0046383249
1.0742801178
12.9860896825
0.0003788489
0.0000083625
0.0001718956
0.0000055183
0.0000873859
0.0000168341
0.0000282719
0.2609012270
0.0001916805
1.3169474659
0.0989678988
3.0582576889
0.0007953040
0.7724148346
3.4969181408
4.9199727570
0.0349294370
0.0674718676
0.1443935368
0.0000065054
0.0000097601
4.4298782001
0.0086171605
0.8162693811
9.9179108880
0.0000011417
0.0001334433
0.0828657342
0.1057504783
0.0099890449
0.0000016226
7.7835024392
0.0041654994
6.0227637308
0.0002939655
0.0404918569
0.0005835063
1.1668227263
0.4965295625
0.0000266315
0.0008163649
0.0011405990
0.0000343510
0.0637759038
0.0009038218
0.0003360038
0.0231050812
0.0000627195
5.0207164421
0.0000894428
0.0049254001
0.1040221721
2.1323193155
0.1689025862
0.0000058719
0.2239667828
0.0000903113
0.0002195544
0.0001348525
0.0000039850
0.0253720460
0.0000410765
0.0112784963
0.0002247567
2.1352321512
0.4328284230
0.0000025845
0.0004542190
0.0000525262
0.2421137413
0.0593068877
0.0000598982
0.0000072661
0.0000908228
0.0022498904
5.0968083816
0.0012935929
0.0000045637
0.0384600397
0.5956144271
0.0000322041
0.0001169569
0.2429237051
0.0417149857
0.0001857873
14.2896934059
0.0395415175
0.0023019629
8.1596378881
0.0000205459
0.0002948027
0.0000031494
0.0431841873
0.0002489460
0.0000392246
0.0033929594
0.0041102365
0.0021498297
0.0000016443
0.0000161366
2.3106757829
0.0002602162
0.0000395495
0.0117456434
1.1910304070
0.0016548026
0.0004177610
0.0000027637
0.0000104460
0.0021472131
0.0019050981
0.0000060126
9.5004870844
0.0022713526
0.0000023425
0.0106520457
0.0000019059
0.1572546378
0.0000083907
2.0604426062
0.0001619099
0.0058284324
0.0000025787
0.0000295105
0.0001983815
0.0000271142
0.0000601465
15.0155555401
0.0000221291
0.9152421939
8.0333160485
24.0918908937
0.0241702388
0.0121778981
0.0533139597
0.0035312034
0.0001333258
0.0000117367
0.2826012838
0.0000147113
0.0115401368
0.0000186594
20.3424340951
0.0000148121
0.0012446086
0.0828256080
0.5507755204
0.0000942607
0.0000018678
0.0050699930
0.0000013525
0.0001371087
0.0000131340
0.0016891531
11.3923328036
0.0000140248
2.1902824484
3.1558148614
0.3384309822
0.0000063778
0.0000031768
0.0000670143
0.3123106303
0.0314192806
0.0153383240
0.0000133137
0.4747184794
0.0212561950
0.0257416576
0.0020745151
1.4353272938
0.0125299833
0.0002406891
0.0003614248
0.0997846777
10.5588352930
0.2166589258
0.0000117121
0.0007172953
0.0001318917
1.5137731141
0.0001062375
0.0032949032
0.0118459178
0.0001697098
2.4715135057
0.0000129100
0.0000033636
7.8284131319
0.0172394709
6.8673954767
0.0094550668
0.0016078168
0.8091740171
0.0113872833
0.0000239576
2.3884401998
0.0198942622
0.0001586060
0.0000219928
0.0001899599
0.0006308037
0.4552701294
0.0001049102
0.0000179385
0.0000035323
7.1951003935
0.0000023026
0.0004812329
1.2905158960
10.6011062936
4.5350882550
0.0004245046
0.0285854952
0.0288495091
0.0000414728
0.0000520493
11.7295243152
1.3378365756
0.1304566692
1.2353692088
0.0000034153
0.0152053616
3.0073541582
0.2883325318
0.0000035292
0.0038894947
0.0272579599
0.0000216537
0.0000061792
0.0005616731
0.0000752666
0.0000546393
0.0003652877
0.0128742728
0.5105999327
0.0000149148
0.0071669874
0.1288574502
0.1667230091
0.0602433731
0.0001304562
0.1734896780
0.0000100246
0.0027021942
0.0052300353
0.0000325132
0.0053062850
3.3545950959
2.1405784695
4.8739831942
3.6567485149
0.0130632310
0.0000350028
0.0021436426
0.7119920921
0.0000460217
1.9039982975
11.4676907811
0.0000764886
0.0061899198
0.0001067253
0.0000060987
0.0008984265
0.0000616157
0.0519609064
0.0454236517
1.5611700057
0.0000078176
0.0013880826
0.0010454747
19.7377901214
0.2408621198
0.1835351871
0.0023132034
13.6637974324
0.0376309924
0.0726264102
0.8515892147
0.0001540777
11.4567168517
9.7000897578
0.0000073809
0.0009558896
1.3634531634
0.0226447423
7.7842396438
0.0000148981
0.0000850699
0.0327249420
0.0090482216
0.0009455399
0.0000157379
0.3347045441
0.0015763370
0.0000255283
0.0644723098
0.0305844754
0.0023839487
0.0002535470
0.2690575988
0.0000024110
0.0715768762
0.0069734059
0.0016651669
26.7962966448
0.0078148547
0.0000031479
0.0002528860
0.0785902839
1.9220969711
0.6190428048
0.0000741044
2.4436830408
0.0175103931
0.0000453803
3.3110751525
0.0000014858
4.4663861286
0.0136794447
1.5517145892
0.0035901569
0.0003804645
0.0000426843
0.0438337198
0.0029678190
0.3641462580
0.0001319062
0.0008849939
0.0061120384
0.0001219307
27.9080066267
1.1425479451
0.2496608997
0.0073214548
0.0000033663
0.0726849996
1.3960534240
0.0000163165
11.9571765713
0.0021422866
10.6886984057
0.2270220216
0.0030837628
1.6920180934
1.9965985175
0.0001578471
0.0017553501
0.0000674942
0.0017320793
1.6440437599
0.0001192505
0.0000010250
0.0000280100
12.3276205160
11.9481400151
0.2031986044
13.8034012025
2.9249198794
0.0078914941
0.0000171410
0.4716824162
0.0000047785
0.0923671905
0.0083177348
0.0241087750
4.8704655100
1.3259985968
0.2551575116
0.0014147606
0.0003883994
0.4173128835
0.0043423650
13.4881127288
0.0003535805
0.0001692610
0.0000039960
3.4320476465
0.0012838803
0.0000191457
0.2507817364
7.3461212777
0.0000850408
0.0861451239
0.0037973503
0.2781662890
0.0104015284
0.0003636086
0.0000021595
1.9433721327
0.0158132946
0.7510314676
0.0001612259
0.0246370923
0.3050240261
0.0000401703
2.8395841576
0.0010050693
0.0051586517
0.0088293099
0.9101143574
2.1086955310
0.0578282602
0.0000338513
0.0003732811
0.0002034618
0.0000693503
0.0000411508
0.0170960855
0.0000023732
0.0011473220
0.0409502832
0.0015281777
0.0032829077
14.0836153817
0.0584018529
1.0087883583
0.6787564161
0.0000253675
0.9209350469
0.1085356618
6.5896061954
0.0430603787
2.9455741430
0.0000264732
0.0435157318
0.0003730740
0.0001668792
0.0000016059
0.0664521690
0.8377996426
0.0000045272
0.1661608478
3.6660178620
0.1187936721
0.0000943684
0.0716188068
0.0002066539
0.3501158588
0.0027143487
0.1449079580
0.0039879431
0.0000022268
6.4740800269
1.9586741564
0.1264194883
0.0004470222
3.3924676558
0.0136749376
0.1032170604
0.0000866729
0.6892504881
1.1974364895
8.9376095434
0.0270720233
0.0000982871
0.2662932544
0.0089617454
1.4124473525
1.8532009869
0.0000190528
1.5372817049
0.0000242541
1.4650858250
0.0000054292
0.3055041604
6.2857683611
0.2062260619
0.0001014387
0.0075676677
0.0300277098
0.0223265136
0.0000194742
2.2391256257
0.0011073951
0.0000937360
