0.0878256840 0.0005670334
0.5749294700 0.0000409490
0.0918109760 0.0000001819
3.4425446000 0.0000192520
0.1721842600 0.0000025193
0.6062345500 0.0000023892
0.1878899300 0.0000003296
0.1939423600 0.0000001672
4.5824131000 0.0000003741
0.9467165300 0.0000045928
0.2889703100 0.0000011041
4.9582002000 0.8378187300
1.0869570000 0.0000552454
0.3186171100 0.0000017986
0.2902441800 0.0000003806
0.5670732600 0.0000251661
4.0327523000 0.0000003225
0.6766742600 0.0000002796
0.0954951690 0.0000006997
1.0297161000 0.0000004689
1.0593502000 0.0000005027
4.0760759000 0.0000069461
0.2904237000 0.0000013768
0.3893157400 0.0000005971
1.6093012000 0.0000003006
1.6675894000 0.0000005394
8.4859104000 0.0000006708
1.7844018000 0.0001722339
0.3429268000 0.0000006228
0.6979362600 0.0000018949
5.4483216000 0.0000069937
11.3307320000 0.0102789960
2.1414833000 0.0000029747
0.3753298100 0.0020287208
0.1961134000 0.0000002192
0.0974604990 0.0000003996
0.9567592700 0.0000002708
1.4663724000 0.0000012549
0.0451724080 0.0000018498
6.6706217000 0.0000041635
0.7409545800 0.0000002348
1.2956159000 0.0000006482
2.7525153000 0.0000098973
0.9977753400 0.0000029609
2.8935434000 0.0000222804
3.8897149000 0.0000008573
0.1241921600 0.0000001212
6.7579270000 0.0000003746
1.3146189000 0.0000007725
0.8829211900 0.0000060052
4.6925787000 5.9862747533
0.3519402900 0.0000001252
0.6501407400 0.0000136531
0.2580730000 0.0000001175
0.8317591000 0.0000031433
2.1033384000 0.0000004909
0.3269648000 0.0000003749
0.5278263400 0.0000001652
2.3081739000 0.0000006007
3.2738193000 0.0000015381
2.2495889000 0.0000696786
0.1261710500 0.0000015584
1.0678737000 0.0000013000
0.7917671600 0.0000006813
0.6124079100 0.0000009923
0.1465813700 0.0000807284
0.1345979200 0.0000038727
0.1314354700 0.0000001895
1.0297485000 0.0000023705
7.7322429000 0.0001603030
0.3636098100 0.0000007563
16.0295040000 9.5345308620
8.1203474000 0.0000322065
1.2276526000 0.0000004374
0.2557246800 0.0000008522
1.3299726000 0.0000024498
0.5549965900 0.0000009036
0.9572570700 0.0000017497
0.5572327900 0.0000032515
0.0492831890 0.0000002126
0.2202332100 0.0000767837
0.0518974370 0.0000022140
1.5678055000 0.0000003257
0.5117938900 0.0000003148
0.6021146100 0.0000119570
0.3929514300 0.0000053369
0.1224152100 0.0000001115
0.7549805000 0.0000005460
2.9203659000 0.0000002297
0.1052056600 0.0000065201
1.3130682000 0.0000008163
0.2999725700 0.0000001306
1.9517487000 0.0000005642
0.0339216860 0.0000059840
0.3889226100 0.0000004337
0.3787285800 0.0000003552
1.7817987000 0.0000043429
0.3273947500 0.0000213911
0.0940098760 0.0000001652
0.2522320900 0.0000001575
0.2956231100 0.0000020811
0.1282399900 0.0000004988
1.3450715000 0.0000011429
0.1473499700 0.0021801045
0.3110841100 0.0000001676
1.0681907000 0.0000023326
0.0843710830 0.0005753333
0.7977158500 0.0000033353
1.7576055000 0.0000003180
4.8167472000 0.0000002201
0.3426485400 0.0000012732
0.1099872100 0.0000003682
1.8148504000 0.0000327401
0.0833540910 0.0000011098
0.9307381100 0.0000001805
0.1422004100 0.0000004199
6.0358642000 0.0000201966
0.2584531400 0.0000025311
0.9598677000 0.0000004177
0.2505699600 0.0000018078
0.2680610500 0.0298790808
0.3538840900 0.0000014553
2.5209065000 0.0000002014
0.1557701100 0.0000003645
0.3978370100 0.0000003473
0.9625828200 0.0000002819
0.2424265900 0.0000011780
0.3418439100 0.0000025009
0.0705130100 0.0000006615
1.2304503000 0.0000006772
0.5582053300 0.0000014474
1.9943396000 0.0000009931
0.6122118100 0.0000002447
4.3709608000 0.0003045094
0.0283437460 0.0000005687
8.3555525000 0.0000014374
0.6798376900 0.0000015298
0.1954248500 0.0000067658
1.2624636000 0.0000047742
2.1660320000 0.0000084153
0.3708359900 0.0000003793
0.8882635300 0.0000033626
0.7103861100 0.0000006271
0.1713522300 0.0000004914
0.5540085300 0.0000001677
0.2375934300 0.0000002060
0.6108527600 0.0000004659
0.2092116100 0.0000011257
0.4365815700 0.0000026310
1.6758989000 0.0000001062
0.2573474600 0.0000002983
0.0785301490 0.0000518117
1.5162062000 0.0000081548
0.2947285300 0.0000001188
0.6313362700 0.0000004191
2.7687420000 0.0000126531
4.1989508000 0.0000502796
1.3261876000 0.0000018340
6.5723108000 0.0000001612
0.9158937000 0.0000004903
0.0626185220 0.0000042411
0.0326268020 0.0000034960
0.8402929900 0.0000034837
1.2723796000 0.0000003676
0.2316402000 0.0000010628
15.1876870000 0.0262242785
6.6705363000 0.0000041649
8.6107411000 0.1537056167
1.6150989000 0.0000104090
0.0313300280 0.0000016454
0.1920864000 0.0000004721
0.0716604030 0.0000003394
3.4397518000 0.0000169442
0.4810749800 0.0000002357
1.3643097000 0.0000094722
2.2885094000 0.0000003485
0.2693425000 0.0000003564
0.1697860100 0.0000016244
0.1393858600 0.0000087656
1.0674642000 0.0000096165
0.3734468300 0.0000010252
0.1601227800 0.0000005946
0.3014756300 0.0000091715
1.9067344000 0.0000004479
25.3882310000 33.9875327006
1.7715989000 0.0000133045
0.0621776460 0.0000050214
0.2384430600 0.0000005478
1.8986427000 0.0000005219
0.0262407230 0.0000010545
0.5137307200 0.0000032941
0.5374653900 0.0000010724
1.2206867000 0.0000012587
20.1236970000 2.1358222907
0.3840043600 0.0000044414
0.1874434200 0.0000001028
0.7568088100 0.0000009912
1.7822436000 0.0000066632
3.2579557000 0.0001659638
2.5183525000 0.0000007683
0.0775140550 0.0000004668
0.3586795700 0.0000001840
1.0287687000 0.0000019588
1.1819561000 0.0000028722
0.1819688800 0.0000014341
0.2117727900 0.0000001348
0.3432226600 0.0000742056
0.1568918700 0.0000012675
0.2424029100 0.0000601171
1.4859782000 0.0000005355
1.1572729000 0.0000005125
0.6588504200 0.0000270782
0.2652227700 0.0000001218
1.9810976000 0.0000008886
2.2230646000 0.0000021836
1.0105782000 0.0000005236
0.6792624400 0.0000001874
2.0286431000 0.0000015714
0.9724204900 0.0000009929
0.1044669600 0.0000006400
0.3389867000 0.0000002245
0.1509592200 0.0000004324
2.7155429000 0.0000008708
1.4596138000 0.0000008353
0.1147963200 0.0000047113
0.3483349400 0.0000010605
1.3010455000 0.0000497376
2.8715308000 0.0000013143
1.1967739000 0.0000018899
1.0325119000 0.0000006529
1.3368451000 0.0000238823
0.2479674400 0.0000005066
0.6955461000 0.0000122894
0.1270516300 0.0000007632
0.3927953600 0.0000002309
0.0862757500 0.0000001004
0.0964295830 0.0000003506
0.7841538700 0.0001429283
1.0901342000 0.0000007239
0.3237742300 0.0000005060
0.3691143700 0.0000057965
0.4045793800 0.0000009794
1.2193349000 0.0000003181
0.2467690900 0.0000003346
0.1142140400 0.0000006187
0.4534064700 0.0000002080
0.1044160000 0.0000160414
0.3823999700 0.0000000276
6.0368025000 0.0000005280
0.4743298400 0.0000002016
0.0547598000 0.0000012044
1.9899282000 0.0522401748
0.3036907900 0.0000004984
0.6294996700 0.0000018869
0.0383417310 0.0000003941
0.0865289000 0.0000001107
0.1270892300 0.0000009959
3.9174907000 0.0000014480
0.7441701600 0.0000003500
0.7686692700 0.0000016651
0.1226865000 0.0000016899
3.2324641000 0.0000362919
1.1138344000 0.0000005447
0.0363138760 0.0000003386
2.7000105000 0.0000004022
9.4975706000 0.0002269191
2.9514345000 0.0000008019
1.2605929000 0.0002793161
0.4035120700 0.0000001877
1.9717148000 0.0000001904
0.0384689280 0.0000025823
0.0748278720 0.0000005085
0.2253979200 0.0000002681
0.3544745600 0.0000008811
1.7852333000 0.0000001128
0.1582006700 0.0000004182
3.8171111000 0.0000008001
0.8439713700 0.0000050231
1.4745317000 0.0000004360
0.0873052980 0.0000062913
1.9208988000 0.0000016446
1.9608596000 0.0000001920
0.0392413590 0.0000004214
0.4673385900 0.0000017437
0.3222623100 0.0000020223
0.1022549900 0.0000002366
2.2147797000 0.0000165347
0.2091790400 0.0000004618
0.9352330200 0.0000006153
0.2228868400 0.0004857278
1.0633457000 0.0000001129
1.6924978000 0.0000088333
4.3900226000 0.0000099764
0.2965462600 0.0000000726
3.0646242000 0.0000005736
0.6185347800 0.0000282947
0.3833882600 0.0000086524
0.0465229600 0.0000000855
1.7685265000 0.0000004535
2.5957202000 0.0000005353
0.2845242900 0.0000004082
0.3784522800 0.0000006664
0.2751457300 0.0000003743
11.8361220000 0.0025875985
0.7136380600 0.0000061933
0.6055010100 0.0000000964
1.2813525000 0.0000001549
0.6224543000 0.0000006652
1.8917779000 0.0000004027
0.1424916300 0.0000001945
0.1183675500 0.0000018818
0.8880302700 0.0000010050
0.1824697700 0.0000003481
0.1238002400 0.0000000473
0.3375725500 0.0000069345
2.5704817000 0.0008893389
0.6630402700 0.0000037677
18.3603480000 8.6124940884
0.2428913200 0.0000019829
0.5054445300 0.0000001565
1.1340127000 0.0000008704
0.1647561500 0.0000005196
0.0347523770 0.0000043304
3.1196528000 0.0000080241
0.1502195200 0.0000015336
0.0901057620 0.0000120005
0.1406763100 0.0000001187
0.4834496900 0.0000001749
0.4808643200 0.0000001727
0.3066797200 0.0000002379
0.4226134400 0.0000009178
0.2363908500 0.0000008067
3.5971424000 0.0002110302
0.4869634400 0.0129928412
3.2013651000 0.0000005356
0.2938354600 0.0000037972
0.9380599800 0.0000256401
0.4292925100 0.0000002210
2.8849579000 0.0002895126
2.3198513000 0.0000043578
2.9004833000 0.0000005883
0.4128576200 0.0000014693
2.0988377000 0.0000001933
0.2274301200 0.0000001941
0.4072045700 0.0000006343
0.4287964900 0.0000055383
0.6064394900 0.0000001763
0.0410338850 0.0000005699
0.1036983000 0.0000000895
0.2248089200 0.0000121582
1.7331550000 0.0000046984
3.9868443000 0.0000028781
0.6528988000 0.0000090229
0.4859751200 0.0000005121
0.5728444100 0.0000034465
0.0368255140 0.0000009834
0.6257901500 0.0000064002
0.2047980100 0.0000006572
1.1918042000 0.0000016293
3.1791504000 0.0000241456
0.1510663500 0.0000003626
0.5689912200 0.0000101119
1.5353283000 0.0000002809
1.0961168000 0.0000057451
7.7832419000 0.0000481422
0.4135231300 0.0000008384
0.2341059000 0.0000021725
0.4717814100 0.0000015956
2.8357393000 0.0000017434
0.0517453470 0.0000001327
1.0647370000 0.0000002796
2.1140932000 0.0000400834
1.1734683000 0.0000003739
0.7070038100 0.0000003819
0.2081202800 0.0000101540
2.0334104000 0.0000004435
0.3321510600 0.0000002055
1.0228917000 0.0000014517
0.1094197800 0.0000252391
0.0488877870 0.0000017548
0.3032984300 0.0000002190
0.4412912800 0.0000004475
0.0523147780 0.0000007996
0.0573693660 0.0000003540
21.9378660000 5.2407561069
0.1164551100 0.0000000794
0.2964165300 0.0000472630
3.0929961000 0.0000001983
1.6461013000 0.0000004250
1.4779393000 0.0000056484
0.3056362400 0.0000030694
0.3263871400 0.0000006866
1.7830508000 0.0000009148
0.0825459730 2.5064655880
0.0481647960 0.0000007663
0.1596105600 0.0000064471
0.5635700000 0.0000088801
4.9674377000 0.0000010099
0.5120391400 0.0019210092
0.6698194200 0.0000024732
0.9056160400 0.0000005827
1.4357561000 0.0000007133
0.5038725000 0.0000003255
0.5737055300 0.0000001914
2.3191610000 0.0000002982
2.6314158000 0.0000001936
1.1531209000 0.0000591831
0.1242728000 0.0000006889
3.5331023000 0.0022939203
2.1333125000 0.0000045779
0.1699598900 0.0000014993
1.7332099000 0.0000001286
0.7246757300 0.0000053947
15.0626020000 1.2273613298
1.5604289000 0.0000008945
1.0020610000 0.0000099586
0.6211001600 0.0000003553
1.4325724000 0.0000001727
1.3812861000 0.0000003991
0.9371784700 0.0000055074
5.2523513000 0.0000004119
2.6473117000 0.0000012211
8.3721633000 0.0000002222
2.8402547000 0.0000005445
3.4233044000 0.0000005234
0.4648949500 0.0000034767
2.7172971000 0.0000044861
0.7305145800 0.0000043335
0.4924183200 0.0000026028
2.2712504000 0.0000002007
0.1010011400 0.0000017999
0.1123661200 0.0000151438
0.7942971000 0.0000004852
1.5886905000 0.0000001788
0.3294799000 0.0000001068
0.4535067300 0.0000001300
0.1937136200 0.0000139167
0.2238134400 0.0000019148
0.2668038400 0.0000003582
0.3008387800 0.0000026956
0.4768281700 0.0000002651
0.9402155700 0.0010678100
0.3818984000 0.0000009224
0.0305726920 0.0021204031
3.3788375000 0.0000000788
0.1450310600 0.0000008304
2.7342354000 0.0000004091
2.0790628000 0.0000017094
1.7118874000 0.0000003799
1.0250816000 0.0000006877
0.3740956000 0.0000020818
0.4444866800 0.0000043888
1.1509286000 0.0000174833
0.1026385800 0.0000001670
0.3049759500 0.0000004211
0.2490582900 0.0000011250
0.2248779000 0.0000011273
0.1403908900 0.0000098924
0.6622798900 0.0000057322
0.6379335100 0.0000002430
0.0779805000 0.0000011306
0.9270471800 0.0000001623
1.8598634000 0.0002061883
0.3995781300 0.0000031735
0.4412741300 0.0000022671
6.3830147000 0.0002296339
1.0990403000 0.0000001631
0.6410200800 0.0000006345
0.3281186000 0.0000036010
0.0653816250 0.0000010292
0.5880264600 0.0000023334
0.6199331100 0.0000002758
5.2073853000 0.0000001009
1.5811931000 0.0000003135
1.1849045000 0.0000013131
1.6851310000 0.0000358150
0.3298061800 0.0000004046
1.0356395000 0.0000004999
0.5374910200 0.0000012968
1.2905899000 0.0000014917
0.5639144800 0.0000044846
2.7501114000 0.0006268893
2.3503612000 0.0000016235
0.1118580200 0.0000004493
0.2282088100 0.0001567689
3.3728753000 0.0000289291
0.0980110110 0.0000330325
0.3459163800 0.0000005956
0.7928919000 0.0000004082
0.1723662800 0.0000896892
0.5451624300 0.0000006790
0.8999742600 0.0000024481
6.8024505000 0.0000002310
1.8688506000 0.0000445749
0.3808809400 0.0000150671
0.0947457210 0.0000021826
3.7888004000 0.0000006870
1.9706979000 0.0000003134
0.7487622600 0.0000001823
0.7776524300 0.0000067159
0.2748754800 0.0000022405
0.4366249400 0.0000014937
0.0965606540 0.0000004854
2.6637683000 0.0000029208
1.7778922000 0.0000115140
1.6610178000 0.0000003605
0.5175486100 0.0000007007
1.5716899000 0.0011140745
0.1287559600 0.0000000976
0.0583273380 0.0000002851
0.2855208200 0.0001488771
0.5158639200 0.0000006784
0.1320306700 0.0000003273
0.5946556100 0.0000007146
0.2880701600 0.0000137949
2.4976690000 0.0132776737
8.4571428000 0.0000479307
0.1692540400 0.0000026960
1.6326370000 0.0000661708
0.0638752220 0.0000006909
0.1742753300 0.0000027083
0.1707693000 0.0000008110
0.6865379100 0.0000087320
0.1764991800 0.0000000932
10.5721180000 8.8056535735
0.3761952700 0.0000002198
1.8464654000 0.0000019038
0.1672074500 0.0000040613
0.1271540200 0.0000631654
0.2893015700 0.0000002541
4.4066416000 0.0000017778
0.0829418720 0.0000005038
17.2667920000 10.9404324042
5.3750473000 0.0000459264
4.4475834000 0.0108496307
0.7957997600 0.0000004727
1.4101038000 0.0000002215
0.1165774200 0.0000005988
0.8675516700 0.0000021812
0.7671564100 0.0000010862
5.7199480000 0.0000007477
0.2108132100 0.0002185755
0.0628624150 0.0000006772
2.9898689000 0.0000069124
0.9891223500 0.0000008232
0.6179811900 0.0000004138
0.7563885600 0.0000012486
0.2896135000 0.0000011138
0.4186019200 0.0000049654
0.3647241300 0.0000012414
0.6338747600 0.0000001630
1.0522334000 0.0000001118
0.2063002900 0.0000003279
1.0433740000 0.0000035140
2.7579327000 0.0000004582
0.3824110200 0.0000034015
1.0344441000 0.0000001052
1.0342581000 0.0000005550
0.1309130900 0.0000059385
0.0324212900 0.0000085766
2.6721643000 0.0001219510
0.0984406670 0.0000014147
1.1007338000 0.0000045530
0.0538404200 0.0000014017
0.2706050600 0.0000009342
14.5698530000 0.3430885364
0.5777385100 0.0000027832
1.8536584000 0.0000003451
0.8022197600 0.0000019310
0.3986084400 0.0000005276
1.3011456000 0.0000010404
1.1363716000 0.0000004521
0.7575106400 0.0000040038
1.5025022000 0.0000005510
0.7621799800 0.0000009344
0.3139340100 0.0000001723
0.9830658400 0.0000011010
0.3557074800 0.0000027325
0.2159851400 0.0000000918
3.0390460000 0.0000004798
15.1721890000 30.7534827433
0.4260841900 0.0000113148
5.2769141000 0.0000009897
0.1160442100 0.0000002064
1.3233294000 0.0000252004
0.0909902430 0.0000001439
0.1853770000 0.0000009077
0.5812530900 0.0000002658
0.7202868700 0.0000006115
0.8974300300 0.0000152449
0.4311695600 0.0000012041
2.7758521000 0.0000019022
2.7529183000 0.0000022118
0.0677104520 0.0000013252
0.9191898400 0.0032025508
0.3487027200 0.0000002410
0.1640762900 0.0000445125
1.6220017000 0.0000001635
0.1633585200 0.0000004941
2.0307608000 0.0000379463
0.6001049800 0.0000168241
0.9508701000 0.0652095230
0.0830459850 0.0000038589
0.9964403400 0.0000001838
0.8958051400 0.0000003672
5.5635572000 0.5892459435
0.3028298300 0.0000002729
0.0313677150 0.0000010022
3.0191105000 0.0007706992
0.0398812990 0.0000002451
0.6753410600 0.0000002815
0.0904000520 0.0000010784
1.1595766000 0.0000003361
0.1824193500 0.0000002247
1.4618995000 0.0000003935
0.0816907010 0.0000004640
3.7788113000 0.0005612900
1.8815457000 0.0009829336
1.3256711000 0.0000346534
0.1981147100 0.0000005191
3.2039411000 0.0000078375
6.8131901000 2.5170905638
0.1061741500 0.0000036301
0.0866542290 0.0000013248
11.8747780000 1.8067706088
0.0092908238 0.0000004465
0.6347970500 0.0000005220
2.4877029000 0.0000095165
1.7383254000 0.0000023129
1.6235774000 0.0000611278
0.3508920800 0.0000029138
0.5966952800 0.0000459299
0.6538675000 0.0000003544
0.4862346900 0.0000000426
0.2826758700 0.0000004770
0.2155756600 0.0000003426
0.5027650400 0.0000295935
0.1767242900 0.0000027338
1.3597506000 0.0000001644
0.7780697900 0.0000172451
0.6671418900 0.0000004202
0.1761715600 0.0000121863
0.5925664900 0.0000006184
0.4054535200 0.0000037849
0.6898300400 0.0000003736
0.7040091700 0.0000004982
0.9068386300 0.0000011728
0.1366801100 0.0000007243
4.8249656000 0.0003840562
0.1183959300 0.0000014696
2.0376436000 0.0004017913
1.0824295000 0.0000007078
1.0444128000 0.0000088058
2.3732744000 0.0000011979
0.0713231300 0.0000002460
4.7414015000 2.8592315958
0.5142451000 0.0000007680
2.3156814000 0.0000004983
2.9930289000 0.0001121410
0.9582251400 0.0000054016
1.8570245000 0.0001769816
1.1298124000 0.0000008737
0.3411952900 0.0000162290
0.5793147800 0.0000006220
0.5742916600 0.0000004359
0.2367760500 0.0000013561
4.4901373000 0.0000001159
0.3143816700 0.0000010939
0.5629604100 0.0000126622
15.5307390000 11.4182442769
0.3429989400 0.0000028030
0.2178036400 0.0000012588
0.3914714800 0.0000015229
2.4973513000 0.0000053866
0.2444264200 0.0000010023
0.6293289600 0.0000066275
0.3785988200 0.0000031126
0.9379808700 0.0000020542
0.3695293300 0.0000003027
0.6097134400 0.0000008629
0.0349446020 0.0000005806
0.1698478000 0.0000030384
0.2958836300 0.0000005353
0.0991185920 0.0000042541
0.0707107230 0.0000004748
0.9630694400 0.0000541147
0.3648966900 0.0000007941
0.2645421300 0.0000592666
3.7254106000 0.0000005251
2.2887773000 0.0000032430
0.3388271600 0.0000026228
0.9944691300 0.0000006624
0.0070607583 0.0000000590
1.8017140000 0.0000029030
0.1246640100 0.0000060935
1.9918913000 0.0000153919
0.9886527500 0.0000015212
0.3941099400 0.0001239904
0.3349296700 0.0000002669
0.1987860100 0.0000000975
0.7980025400 0.0000006147
2.5529740000 0.0000016102
2.2381665000 0.0000007358
0.1734876200 0.0000018396
3.7326959000 0.0000003104
0.1410828200 0.0000003870
0.2422554400 0.0000005655
2.4940409000 0.0000000897
1.1906183000 0.0016759890
0.3349262200 0.0000002708
1.2791892000 0.0000014675
1.4165229000 0.0000010946
2.3712534000 0.0000003774
1.5137073000 0.0000323093
0.9243063400 0.0000065877
0.9699723600 0.0000000807
0.8218403400 0.0000022297
0.0720498440 0.0000002229
0.0954207210 0.0000002634
0.4109318900 0.0000007050
2.0328725000 0.0000003421
0.0950389420 0.0000007353
2.0393945000 0.0000001548
0.6946405500 0.0000098227
0.4420922300 0.0000006216
0.3380902500 0.0000007292
2.6093323000 0.0024355581
0.3084267000 0.0000010420
0.3800808400 0.0000003318
0.5489415800 0.0000003956
2.0401078000 0.0000046314
0.3533656300 0.0006665312
0.7380229400 0.0000037388
0.8812308700 0.0000003093
0.5245050000 0.0000020201
0.1935450900 0.0000351936
1.3499632000 0.0000003498
0.6675311300 0.0000005268
1.0931393000 0.0000011813
0.1553687200 0.0000005852
3.0679160000 0.0001455892
0.1258432500 0.0001166360
0.6669912400 0.0001139491
0.0649288110 0.0000026090
0.1148072600 0.0000001098
0.0825422890 0.0000071991
1.1552696000 0.0000083420
0.5224826600 0.0000003500
1.7945203000 0.0000043391
1.9441026000 0.0000000518
1.3654927000 0.0000000930
1.9505386000 0.0000003645
0.0105863740 0.0000076601
1.4286263000 0.0000086086
0.8997890900 0.0000001116
1.5730149000 0.0000017483
5.7220929000 0.0000068882
0.9395640000 0.0000335010
3.3269112000 0.0000136169
0.0842861350 0.0001881641
0.7646026900 0.0000001678
0.1837565400 0.0000004154
0.0514771340 0.0000095538
1.3995452000 0.0000000923
1.1458229000 0.0000002794
0.2227390400 0.0000019563
0.1367225700 0.0000018847
0.0306089430 0.0000002924
3.2706676000 0.0000002956
0.1910854000 0.0000014665
0.7417487900 0.0000003098
0.1127469300 0.0000002125
0.5847384300 0.0000003402
3.3272203000 0.0000330851
0.6450193800 0.0000284614
3.7272983000 0.0000002313
0.2216350400 0.0000003340
0.9493415900 0.0000029351
1.4072973000 0.0000003043
0.2047371700 0.0000008056
3.1022076000 0.0000002444
2.1385268000 0.0000002284
1.1092493000 0.0000001205
0.5555562500 0.0003845614
2.3070504000 0.0000018628
0.2891139600 0.0000003333
0.8657205800 0.0000001636
0.0275347360 0.0000002323
0.6110496100 0.0000013433
0.1860956500 0.0000024335
0.4103237000 0.0000005494
0.8568447500 0.0000007160
0.1459192500 0.0000000854
0.4897085100 0.0000025526
1.0141019000 0.0000007729
0.1066642800 0.0000124622
0.5825506200 0.0000003969
0.2952630400 0.0000002355
0.6357008200 0.0000001478
0.3619236800 0.0000003165
0.7321096600 0.0000001417
1.0279729000 0.0000008641
0.2340118600 0.0000055014
7.7702924000 0.2932371158
0.6021174800 0.0000075008
0.5586809000 0.0000033362
0.2174638100 0.0000000856
0.7985280100 0.0000387597
0.2745190100 0.0000002735
1.4662457000 0.0000003896
1.1756198000 0.0000000876
0.2600242600 0.0000006340
1.0212354000 0.0000003829
1.0297348000 0.0000011728
22.7358630000 2.0952193231
0.1540673800 0.0000060550
0.7615541100 0.0000058006
0.1417087600 0.0000004601
2.1941443000 0.0000002078
0.0841361370 0.0000009379
3.8781881000 0.0000005019
2.2091982000 0.0000001786
0.1153540700 0.0000001998
5.5694879000 0.3751893461
1.3835782000 0.0028545231
0.5442406700 0.0000010795
0.0827184490 0.0000001476
4.7230818000 0.0000001345
1.6999120000 0.0000057289
3.4205239000 0.0000008103
0.1214838000 0.0000011089
1.4501196000 0.0000005887
1.1055586000 0.0000004983
0.0705497660 0.0000041078
2.9423204000 0.0000202156
9.3609819000 0.0000120397
0.1433285100 0.0000001843
3.7936874000 0.0000042003
1.4133468000 0.0000016927
3.0525414000 0.0000011102
7.1571252000 0.0000004151
1.7818203000 0.0000044504
0.9879628600 0.0000002427
3.2197096000 0.0000003567
4.9208208000 0.0001334655
0.5270086600 0.0000018545
4.4327008000 0.0000006158
1.8699089000 0.0000026814
0.1001113300 0.0000101865
0.2907854100 0.0000011323
0.0554596460 0.0016734129
0.6263882300 0.0000010824
0.7704624500 0.0000003924
0.3317735800 0.0000001632
5.5285489000 0.0000018800
0.2859094600 0.0000005147
0.8821699800 0.0000027838
0.1613724000 0.0000003220
0.0451421440 0.0000006113
3.7399469000 0.0000107654
3.2463884000 0.0000020536
2.4866259000 0.0000088712
1.0732417000 0.0000006202
0.1528791200 0.0000003932
0.2312180500 0.0000031991
2.2875780000 0.0001503319
0.4260844600 0.0000002768
3.9961056000 0.0000000310
4.4413182000 0.0027502906
0.2793270300 0.0000001729
1.3878625000 0.0000185088
0.1061214300 0.0005931244
5.5814527000 0.0009253241
0.1251002600 0.0000002679
0.5321752900 0.0000007772
0.2113801100 0.0000036855
0.9503600800 0.0000005130
0.7166762800 0.0000003957
4.9620477000 0.0000011379
0.1162058200 0.0000040863
0.8276020400 0.0000001110
5.2259247000 0.0000001737
0.6317627000 0.0000007127
1.0102062000 0.0000001021
5.0848490000 0.0001138816
0.1902964700 0.0000008011
0.3991132600 0.0000033390
0.1260210600 0.0000003637
0.5447621600 0.0000007462
0.0225371770 0.0000066767
0.3879488300 0.0000006605
0.0808672250 0.0000002943
0.0858354360 0.0000017064
1.8996687000 0.0000033320
1.8954696000 0.0000001646
2.3503829000 0.0000001614
0.5037020900 0.0000066397
1.1777686000 0.0000028402
0.1176911300 0.0000010222
7.4961667000 0.0000009060
0.6428458500 0.0000096968
0.1135543500 0.0000091444
0.2967435500 0.0000005102
2.3601380000 0.0000002703
2.2441336000 0.0000580729
0.5027114600 0.0000171579
9.3313039000 0.0000306191
0.3961882600 0.0000002761
1.6631824000 0.0000002182
1.4262813000 0.0000017817
0.1754547300 0.0000005443
0.2977348900 0.0000008372
0.3138790600 0.0000034129
0.8735597900 0.0000007732
0.7363717000 0.0000001073
0.4672996600 0.0000002839
0.5724207900 0.0000003546
0.0373500390 0.0000053059
1.6386634000 0.0000004085
3.5408251000 0.0003210097
0.4575674800 0.0000001240
6.9960847000 0.3546010148
0.5912441200 0.0000033323
0.4720639200 0.0000065537
0.0207796710 0.0001040430
1.0315073000 0.0000011794
0.3671294200 0.0000474147
0.9399558300 0.0000008090
0.2791429900 0.0000015378
0.8974480500 0.0000000926
0.1991648300 0.0000003533
0.2485632700 0.0000004733
0.0714433330 0.0000002119
1.3919490000 0.0000053447
0.3545309600 0.0001037673
0.3570938400 0.0000001937
1.5320293000 0.0000001838
0.2038142000 0.0000001954
3.7848035000 0.0000372136
0.5717110600 0.0000002881
1.7776592000 0.0000005522
9.5015593000 0.0263870791
0.1792743100 0.0000001666
1.4752372000 0.0000061270
0.3976068700 0.0000001116
0.4122293900 0.0000044249
0.1656632800 0.0000004786
0.4555908900 0.0000009073
0.3209872200 0.0000009082
1.1129335000 0.0000006701
2.9295868000 0.0000003819
0.6544178800 0.0000112108
0.1935238100 0.0000020473
0.4132445900 0.0000002327
0.1643012400 0.0000018087
0.0412740010 0.0000003782
0.2361000500 0.0000172543
0.1936865900 0.0000002303
0.2477764200 0.0000000990
5.9947361000 0.3982292969
0.0777509780 0.0000007636
13.5283040000 0.1689087075
0.3834502200 0.0000024117
0.2070978000 0.0000001708
3.8766821000 0.0000031755
10.3488250000 0.0932914457
2.0620755000 0.0000025065
0.0506238240 0.0000190433
0.8131783700 0.0000111832
0.1498761000 0.0000004205
1.3587577000 0.0044383020
0.1227956200 0.0000005342
0.2868500000 0.0000003440
0.8911902000 0.0000007167
0.8574247700 0.0000002831
0.0924268970 0.0000013835
0.6363037400 0.0000021825
1.7629727000 0.0000077911
0.2515981900 0.0000008087
0.4361345100 0.0000004826
0.1045899100 0.0000009050
11.0608980000 0.0000004046
1.9415917000 0.0000001573
0.0929775550 0.0000000455
1.5386857000 0.0000002329
0.9738388000 0.0000916976
2.3786508000 0.0000018706
3.6394043000 0.0000012028
0.7686658700 0.0000744848
1.3636145000 0.0000045864
0.7161167500 0.0000154390
0.4254202400 0.0000004724
7.9511636000 0.0001151080
0.1295263300 0.0000104709
3.2259133000 0.0000103513
1.0279364000 0.0000002596
0.1960305700 0.0000007671
0.6724436400 0.0000007286
2.6128968000 0.0000007358
0.8940079100 0.0000000635
0.6321483300 0.0000004972
0.0621595750 0.0000007464
0.4112564400 0.0000004335
0.0310840800 0.0000137455
3.9429766000 0.0000051225
0.9191445300 0.0000001914
1.9926330000 0.0000001796
0.8950094800 0.0000171498
0.1134082900 0.0000002913
0.1542416000 0.0000001690
0.4735743600 0.0000002104
0.6459522200 0.0000016472
0.3165798300 0.0000002424
4.3158452000 0.0000002851
1.2374394000 0.0000006920
0.2450690300 0.0000012256
2.7245565000 0.0000006224
1.5653606000 0.0000003873
0.2700693400 0.0000001166
0.2956881500 0.0000004031
1.5987799000 0.0000007959
2.0470282000 0.0000000871
2.2715687000 0.0000004412
0.2408516600 0.0000001561
0.4850199500 0.0004741426
5.4718327000 0.0004055365
0.7353787100 0.0000008346
4.4488807000 0.0001193232
1.5070254000 0.0000006400
1.2885257000 0.0001542228
3.1721226000 0.0000006573
1.8721093000 0.0000005340
0.7898293900 0.0000012021
8.7407362000 4.0838341890
4.7140171000 0.0374053982
0.1713208600 0.0000145338
2.0689323000 0.0000006152
1.1844867000 0.0000003058
2.7998750000 0.0000034869
0.0137030950 0.0000011279
2.3596191000 0.0000015260
0.1740661800 0.0000003335
1.0343643000 0.0000130074
0.0196450790 0.0000001491
1.2320423000 0.0000009096
2.2953077000 0.0000001954
6.5892019000 7.8540737435
0.3449440100 0.0003038221
0.8591184500 0.0000018264
0.8413759500 0.0000010534
0.4771950700 0.0000016005
2.4492726000 0.0000006182
0.4609402100 0.0000004887
0.6850927300 0.0000000599
0.5340483500 0.0000006565
9.2986580000 0.0000003400
0.2398471300 0.0000044854
0.1495110500 0.0000004565
0.2190696300 0.0000295933
0.4249800200 0.0000001690
0.2223837600 0.0000361622
1.8070038000 0.0000035850
1.4120566000 0.0000001175
0.2484328700 0.0000002331
0.7459523000 0.0000002625
0.5454789900 0.0000021102
0.8423523900 0.0000004068
0.3914892300 0.0000004969
0.6945763800 0.0000014954
0.1652088200 0.0000012586
0.1774648600 0.0000012947
0.4484560400 0.0000006209
2.2588752000 0.0000006102
0.0309595040 0.0000002693
3.6547132000 0.0000001657
0.4716117900 0.0000008214
0.3443152900 0.0000004082
3.4846668000 0.0000003125
2.6279272000 0.0000119689
0.0765711410 0.0000003487
0.0874230090 0.0000003716
1.9372119000 0.0000005317
0.2628198100 0.0000078151
0.2005709300 0.0000487177
1.0891296000 0.0000039183
1.5814259000 0.0000002945
1.1943113000 0.0000004045
1.6108500000 0.0000003968
0.1250734300 0.0000002321
0.2904207800 0.0000005729
0.1623615400 0.0000007372
0.1384389800 0.0000002001
2.8842566000 0.0000094398
0.5022863900 0.0125755495
0.1058109800 0.0000207639
0.4343277500 0.0000043225
0.2310283500 0.0000005886
2.5128998000 0.0000008229
2.5702683000 0.0000005079
0.1442328600 0.0000009817
0.3173222300 0.0000027106
1.8383478000 0.0000007333
0.3747628300 0.0000014834
0.6354502600 0.0000012919
1.7763061000 0.0000003920
0.0906019980 0.0000004374
0.2980453400 0.0000002565
1.3692276000 0.0000000915
0.0709209730 0.0000002986
0.9130237400 0.0000018536
0.0484373890 0.0000005150
4.4601635000 0.0000002034
1.3231580000 0.0000003014
0.1399227800 0.0000022561
0.4294225000 0.0000000714
0.2381127200 0.0000026289
0.0659969000 0.0222368148
3.3429731000 0.0000157796
1.9133775000 0.0000017563
5.6979655000 0.0000000962
0.1065085300 0.0000001659
0.1437714800 0.0000000945
5.5015864000 0.0002416390
0.0169052660 0.0000002241
0.6137640200 1.0646005932
1.0167356000 0.0000017441
5.0574156000 0.0000086730
4.1181872000 0.0000002161
4.4890336000 0.0000005121
0.2112833400 0.0000040099
0.1400767600 0.0000167274
0.6510345800 0.0001159710
7.6229961000 0.0000008006
0.4526628900 0.0000011749
0.4649130600 0.0000017572
0.0418772200 0.0000004692
4.3399613000 0.0000004473
0.2015751900 0.0000075983
1.7170387000 0.0000022723
0.0800415510 0.0000003254
0.7208423000 0.0000007209
0.5138160900 0.0000081322
1.9051397000 0.0000001376
1.2111526000 0.0000001816
0.7981996500 0.0000002547
0.1855032500 0.0000150047
2.5054983000 0.0000004166
0.2273698400 0.0000033401
0.0335568960 0.0000036173
1.0295618000 0.0000001394
0.6737828700 0.0000126213
0.1040226000 0.0003701151
1.0788697000 0.0004490955
1.1063726000 0.0000005688
0.4036690800 0.0000010197
0.2593710900 0.0000002800
0.2511264100 0.0000001954
0.4509551800 0.0000001766
0.0325349350 0.0000001708
0.2544028000 0.0000022015
0.5931766700 0.0000002607
0.5649981700 0.0000004611
0.5694861000 0.0000009638
0.0675819540 0.0008161973
2.4123341000 0.0000001560
2.8783213000 0.0000003559
0.5312376600 0.0000009359
1.9106052000 0.0000004923
4.9980557000 0.0000007076
0.1886719700 0.0000003112
0.2073380900 0.0000006290
0.3721617800 0.0000000441
1.6637585000 0.0000002799
0.1234252400 0.0000065167
0.7661554500 0.0000042454
0.0440636730 0.0000202338
0.2963941400 0.0000002245
0.2728868100 0.0000001433
0.1164585900 0.0000045157
0.0813167100 0.0000168754
0.5981431800 0.0000000808
0.8046708700 0.0000029402
0.0479694260 0.0000010824
0.0086972648 0.0000004429
0.1959320600 0.0000003528
0.8713638100 0.0000307156
2.9516618000 0.0013319263
0.6816957700 0.0000120459
1.9371904000 0.0000002975
1.2393122000 0.0000035933
1.2760873000 0.0000005531
1.3041931000 0.0000289818
0.4735746000 0.0000001331
3.2602324000 0.0000051220
0.0656083940 0.0000007639
0.4361527000 0.0000172535
2.7893104000 0.0000065161
1.2023919000 0.0000004227
0.6618658000 0.0000003619
0.5239849300 0.0000001192
0.2551819000 0.0000008952
0.1526056600 0.0000002211
0.7817108400 0.0000005098
2.2233984000 0.0000001889
0.3062513500 0.0000052314
0.7955434000 0.0000009772
0.8081001900 0.0000088083
2.4256709000 0.0000136199
0.3352334300 0.0000006146
2.1065526000 0.0000002243
0.1026603800 0.0000004621
0.1920502000 0.0000012646
2.7127729000 0.0000007806
2.1713497000 0.0000000385
3.3580775000 0.0000052337
0.0856653140 0.0000005309
0.6931821200 0.0000005444
0.1372739700 0.0000003616
0.6414672400 0.0000015169
0.7303111000 0.0000007127
0.1732212000 0.0000004386
0.2213461600 0.0000031362
0.4404121500 0.0000041691
0.4841375100 0.0000002133
0.0907279240 0.0000001979
0.8711451900 0.0000003165
0.5124528500 0.0000399253
2.8021206000 0.0000083985
1.2689904000 0.0000031353
5.6441214000 0.0532523296
0.1236491200 0.0000002155
0.2239647600 0.0000002547
0.4501705500 0.0000001783
0.7063247600 0.0000013518
2.2495461000 0.0000197944
0.9762492300 0.0000002513
0.2611015000 0.0000003022
0.3169057100 0.0000004373
2.5632472000 0.0000000912
0.3972036200 0.0000001605
0.1674872200 0.0000007493
0.0933695290 0.0000003709
1.1354443000 0.0000041071
0.0989509440 0.0000005582
0.8504526600 0.0000036402
0.1710275200 0.0000001800
0.3660096300 0.0000010950
1.6763014000 0.0002898336
0.2483716800 0.0001284283
0.1434535400 0.0000011480
0.3567244100 0.0000014377
0.0440327630 0.0000030976
1.9595102000 0.0000002573
0.3606075900 0.0000023983
7.3228917000 0.0000002646
5.0323932000 0.0000005071
0.7414379900 0.0000012517
1.6388368000 0.0000002840
0.4052580100 0.0000003381
0.5143808700 0.0000005220
1.2219670000 0.0000482532
1.8157189000 0.0000029672
0.2902736400 0.0000038906
0.8540821800 0.0000001152
0.0476500510 0.0000000345
1.7328681000 0.0214036341
1.1760762000 0.0000002261
0.8175013600 0.0000003867
3.7417691000 0.0000073733
1.2168389000 0.0000002828
1.1991105000 0.0000010587
1.7346445000 0.0000002547
7.9676493000 0.0000012860
0.2592405800 0.0000032655
0.3269245000 0.0000002569
0.2447960300 0.0000005808
4.6211712000 0.0000175708
2.9384100000 0.0004567106
0.1079657700 0.0000171785
2.3110531000 0.0000021248
8.2050629000 0.0425802231
0.8650503000 0.0000001322
1.4713571000 0.0000010395
0.6138193200 0.0000001060
0.1068302400 0.0000004502
0.5723059000 0.0000003357
0.7674194100 0.0000021690
1.1053230000 0.0000002212
0.5576735800 0.0000071148
0.1462171800 0.0000238646
0.1313490400 0.0000049639
2.8254792000 0.0000594489
0.5743363500 0.0000005421
10.7739880000 0.0214438948
5.0868262000 0.0000571937
15.2309660000 3.5160139481
3.6510226000 0.0000005961
0.5021208700 0.0000025615
0.1546220000 0.0000055886
0.2732312500 0.0000023220
4.8300570000 0.0009151885
1.4950960000 0.0000019922
0.0512683030 0.0000024247
0.0969491630 0.0000001449
1.7385943000 0.0000150298
1.4269925000 0.0000002584
4.5768497000 0.0000009183
1.6999703000 0.0007611480
0.0640807840 0.0000010942
0.2414636500 0.0001054316
0.1448965200 0.0000002403
6.1879048000 0.0019226925
1.1821520000 0.0000004930
1.2442731000 0.0000015003
0.3945695900 0.0000050563
1.4257428000 0.0000010090
5.5924580000 0.0057408721
0.2764781700 0.0000001283
0.1293793400 0.0000026934
0.1758261200 0.0000173671
0.3908353500 0.0000014693
0.1260649900 0.0000001922
4.5164253000 0.0000188844
2.4540332000 0.0000005017
1.3322511000 0.0000073870
0.0752990900 0.0000014371
0.8514432600 0.0000021104
0.2647589800 0.0000002653
2.0067396000 0.0000057687
1.0662234000 0.0000004236
0.0921303070 0.0000057043
0.5994315100 0.0000009285
0.1770900500 0.0000005433
0.8395934300 0.0000001400
0.6464931200 0.0000003017
0.9532081300 0.0000001803
1.3900565000 0.0000025480
1.5162398000 0.0000003508
0.4436737700 0.0000003880
0.3599611800 0.0000002742
0.8752363300 0.0000002331
3.5326914000 0.0000080283
0.1047096000 0.0000720204
1.1558363000 0.0000003489
0.3571443100 0.0000009291
3.1873324000 0.0000009274
0.3576565000 0.0000006974
0.9778173300 0.0000001566
0.7346998900 0.0000008302
0.2742326400 0.0000003313
1.3155448000 0.0000016287
0.1121336900 0.0000173840
0.3630446900 0.0000008333
0.0465115060 0.0000003594
0.8796323000 0.0000037233
0.5860611300 0.0000046939
0.4382281500 0.0000005615
5.8190472000 0.0000671801
1.6658631000 0.0000029549
0.2826113800 0.0000002966
0.1282834700 0.0000015880
0.1701298300 0.0000000726
0.5058768200 0.0004363848
18.0924970000 26.1452094808
2.7241374000 0.0000233011
2.5016062000 0.0000011106
0.4762219300 0.0000012282
0.8553108700 0.0000001444
0.3434114200 0.0000004386
0.5087447400 0.0000015298
0.5824705200 0.0000022987
0.0844943520 0.0000001982
0.7172857800 0.0000000717
0.4335026500 0.0000001655
0.2684754400 0.0000013088
0.0331150810 0.0000064860
0.2959193500 0.0000003271
0.1469991900 0.0000030467
0.3432364900 0.0000009228
1.5579998000 0.0000053889
2.5313301000 0.0000005759
0.1430283900 0.0000194521
4.3764511000 0.0000057981
0.0890850850 0.0000000879
4.5628158000 0.0000037124
0.5511334600 0.0000540220
0.2396055300 0.0000001860
0.4528490600 0.0000004657
1.2067375000 0.0000007632
0.1451067800 0.0000009613
2.2893244000 0.0000286366
0.3364742800 0.0000014706
0.1521645600 0.0000001684
1.2852374000 0.0000023034
2.6179753000 0.0000009476
0.1776209500 0.0000005349
2.0316148000 0.0000012296
0.1482347300 0.0000085043
0.5227672600 0.0000003829
0.4837093500 0.0000006170
0.7489598900 0.0000003561
0.5046572500 0.0000042525
0.4901654500 0.0000013432
3.9471581000 0.0004402158
0.0060758666 0.0000001422
4.6684025000 0.1266340092
1.1227826000 0.0000004349
0.4407033900 0.0000005895
0.2213630500 0.0000001370
1.1722010000 0.0000000916
3.5531195000 0.0000375036
0.0503116350 0.0000028991
0.2875037000 0.0083864160
11.2381400000 0.0607106093
0.6440701000 0.0000003114
3.0752233000 0.0000028109
0.6057101300 0.0000002907
1.6964344000 0.0000014527
0.4907771300 0.0000002530
0.1664845300 0.0000073608
0.8549355400 0.0000017779
0.0470114640 0.0000003191
0.2462842400 0.0000011086
0.4532069800 0.0000002048
0.2214729200 0.0000001369
0.2382031200 0.0000003039
1.8544225000 0.0000001251
0.3107612300 0.0000001337
5.4716699000 0.0000004325
0.1941964700 0.0000004367
1.1434604000 0.0000008609
0.2793676800 0.0000001774
0.6000222000 0.0000002744
0.2005336100 0.0000031039
0.1543485800 0.0000004323
0.6634126800 0.0000005618
0.1234092900 0.0000002811
0.3546437800 0.0000023397
0.3968258500 0.0000001196
0.3550301800 0.0000001878
0.6422853500 0.0000063916
0.9094911500 0.0000005800
4.4102661000 0.0000094005
0.4803538500 0.0000018019
0.1613962500 0.0000001438
0.7205635700 0.0000004945
0.1782108200 0.0000002168
0.4366897100 0.0000007474
0.5423608800 0.0000003458
1.1043429000 0.0074235354
0.3641655200 0.0000000819
0.4581632800 0.0000001032
0.5741055600 0.0000050742
0.2095700000 0.0000003081
0.0926592570 0.0000007512
0.2281757300 0.0000001806
2.5701291000 0.0000036598
0.2554043700 0.0000001889
0.5779977200 0.0000001540
1.2154123000 0.0000004119
0.3072180700 0.0000161797
0.7590930100 0.0000001976
0.9452324700 0.0000021501
0.5495313400 0.0000033608
0.7914444700 0.0000004848
0.1157847800 0.0000005606
2.2774767000 0.0000003729
1.2804767000 0.0000002940
0.4686017500 0.0000010940
0.2947486300 0.0000006534
2.0824880000 0.0000014981
0.3903812700 0.0000088249
0.1149021800 0.0000002365
0.8407557900 0.0000001878
0.0784529450 0.0000104663
0.3532080200 0.0000082009
0.8453865300 0.0000011584
0.1251692700 0.0002062456
0.0578162830 0.0000004469
0.9069070600 0.0000001179
0.0829220350 0.0000925601
0.6638141900 0.0000012957
0.6363362300 0.0000007207
0.7638435700 0.0000250288
0.8120873200 0.0000027589
1.9828552000 0.0000022643
0.3712587700 0.0000003555
0.0845429450 0.0000000657
1.0762860000 0.0000003693
0.7941664400 0.0000001750
0.5851344000 0.0000015408
0.6935819300 0.0006397050
4.1189163000 0.0000120530
0.1277773600 0.0000044770
0.3390528600 0.0000013075
0.2185144100 0.0000035790
0.6333783600 0.0000002942
2.3380018000 0.0000006631
2.4890155000 0.0000002432
0.2424220100 0.0000004364
0.2971705600 0.0000019713
2.1977582000 0.0000024501
0.1295658300 0.0000013592
0.2481356900 0.0000289817
0.1836597600 0.0000003840
0.0095672367 0.0000000665
0.0664161900 0.0000002826
0.4239418500 0.0000063661
1.7163702000 0.0000010998
0.2814568700 0.0000239796
0.1634863300 0.0000024765
0.1935984100 0.0000001970
0.0307051110 0.0000003537
0.1181094100 0.0000010753
0.3226131700 0.0000003258
2.4535860000 0.0000006358
3.0932077000 0.0000120916
0.1252327800 0.0000009411
2.4994069000 0.0000190344
5.4614282000 0.0000001456
0.1297983000 0.0000069361
0.1459168700 0.0000006902
0.4237469400 0.0000003147
1.5848457000 0.0000016940
0.2544338400 0.0000139419
0.4833326900 0.0000009957
0.7328091700 0.0000016764
1.8598058000 0.0000028178
0.8008435100 0.0000020066
0.4739631100 0.0000011494
0.0638406220 0.0000004801
0.7216245900 0.0000004006
0.2286671400 0.0000002806
4.0861591000 0.0002105857
2.2864245000 0.0000029514
0.0985783070 0.0000014308
0.4896685600 0.0000003676
1.4731463000 0.0001929216
0.4997364600 0.0000002555
0.1230463000 0.0000022415
3.0683117000 0.0052715979
0.0676817280 0.0000002693
2.5158429000 0.0000005259
0.0757890580 0.0000004433
0.0426453220 0.0000003285
0.8642180200 0.0000001147
0.0471539970 0.0000001636
0.1997359200 0.0000002965
0.7826143800 0.0000045208
0.8604213900 0.0000026625
0.4462720500 0.0000002536
1.4270533000 0.0000004738
0.1149035500 0.0000003315
0.1784902900 0.0000004891
0.5823213600 0.0000025133
1.6983173000 0.0000003022
0.4014855600 0.0000008236
0.5325872600 0.0000011544
3.3980732000 0.0000003795
2.9096698000 0.0005260946
9.9675266000 0.6356962298
1.7411699000 0.0000165148
2.0009956000 0.0006290314
0.1732282200 0.0003326952
0.2255659400 0.0000005941
0.3569155800 0.0000043073
15.0538550000 6.2428164783
0.1366022200 0.0000001412
3.5924311000 0.0000002355
2.2458820000 0.0000274811
0.4832339300 0.0000001743
0.4516851600 0.0000021579
0.2408998700 0.0000001925
0.4320755800 0.0000006731
0.7366913000 0.0000015757
0.6279680400 0.0000001895
0.1089502500 0.0000039717
4.9892364000 0.0000002354
0.1235623200 0.0000025911
2.1405914000 0.0000004841
1.9783754000 0.0000012736
0.9580167800 0.0000000665
0.3648476600 0.0000005463
1.7489958000 0.0000000713
0.1780354100 0.0000264000
0.1452228200 0.0000111377
0.1445027200 0.0003600350
0.1680192200 0.0000004321
0.1185371400 0.0000057150
0.4797439300 0.0000005310
0.9117234500 0.0004882839
0.3280272300 0.0003959149
0.5649962200 0.0000012143
0.5731147900 0.0000005910
0.3518003200 0.0000001782
0.5090395100 0.0000038647
0.7037162800 0.0000002943
1.2825950000 0.0000001692
1.2725084000 0.0000001168
0.0900886030 0.0000003130
0.2283987300 0.0000104649
9.7059182000 0.0000691149
1.4355532000 0.0000009635
0.2121156700 0.0000003833
0.6236518500 0.0000002118
0.0267784730 0.0000002579
0.8560410900 0.0000012776
0.2530199500 0.0000016766
0.0361056050 0.0000011728
0.2656404000 0.0000021800
0.1363730700 0.0001726492
0.7299738700 0.0000009608
0.7908758600 0.0000270959
0.1194310200 0.0000010454
0.0565406570 0.0000019368
0.0568083990 0.0001768804
0.2295396900 0.0000004056
0.0925550920 0.0000003002
0.2017652700 0.0000169988
0.3895545800 0.0000002943
0.1599233400 0.0000003458
0.7357889300 0.0000013447
0.9584668100 0.0000055011
0.3495475200 0.0000004891
0.3177054800 0.0000002126
0.1478192700 0.0000001776
0.7925420700 0.0000011425
0.1272602000 0.0000002418
0.2857630200 0.0000004811
1.0058183000 0.0000002628
0.2340443300 0.0001546301
0.6175721500 0.0000003003
0.5315435200 0.0000005422
0.3144254100 0.0000020954
0.7140534500 0.0000010165
0.0448659480 0.0000005655
1.3648706000 0.0000513485
0.0705064810 0.0000141192
2.0128467000 0.0000014392
0.2634346500 0.0000017793
0.1091020800 0.0000003189
1.1302976000 0.0000154156
1.1892577000 0.0000002170
4.4449855000 0.0000014651
0.4607721900 0.0000015753
0.5806256700 0.0000004639
7.9419081000 0.1805166886
0.5975086700 0.0000003109
0.2479866600 0.0000001571
0.1102507000 0.0000002566
0.1687437200 0.0005932794
0.1207354700 0.0000002379
0.0674121220 0.0000007129
0.1493353300 0.0000004117
0.9754959100 0.0000002647
4.6193928000 0.0000039978
0.1595283500 0.0000002734
4.6736730000 0.0283994545
1.6033531000 0.0000002409
1.1866717000 0.0000003714
0.3306663500 0.0000542320
0.9092390400 0.0000001073
2.6182130000 0.0000003822
0.1242061500 0.0000007722
0.5875414900 0.0000023079
4.8990499000 0.0000005236
0.0404863260 0.0000001368
5.5437186000 0.0000023147
0.3646147400 0.0000027383
0.6455918800 0.0000005814
0.6736532600 0.0000029656
0.0477751690 0.0000002222
0.4312666000 0.0000256814
0.3184806000 0.0000005366
0.9138227500 0.0000041545
1.5921931000 0.0000004196
0.5985585600 0.0000004497
0.3791013800 0.0000009334
10.7672120000 3.3630325232
3.5837032000 0.0000010861
0.8805805300 0.0000014515
1.6710380000 0.0000009670
0.2792543700 0.0003625617
3.1273259000 0.0000003953
1.1308227000 0.0000050930
3.4456382000 2.9056103110
0.7724988500 0.0000011371
0.3154944900 0.0000004624
2.7762045000 0.0001525859
1.2964224000 0.0000006529
0.9453809500 0.0000021009
0.5231611900 0.0000004013
1.4974626000 0.0000000424
1.3052198000 0.0000019396
0.3869734700 0.0000056825
1.6771924000 0.3207806630
1.0310489000 0.0000014113
0.0639887030 0.0000004496
0.1051439600 0.0000003188
0.2447950800 0.0000001701
4.7621022000 0.0000012317
0.5850554500 0.0000001090
1.2160611000 0.0000005862
0.2497904600 0.0000002195
0.4482553100 0.0000017437
1.0107674000 0.0000002283
2.4026860000 4.7873259882
0.3000365600 0.0000055508
1.0986481000 0.0000001185
0.3555909200 0.0000931344
0.2360453500 0.0000112653
1.4457299000 0.0000011053
0.3023987400 0.0000001849
4.8248298000 0.0000092099
0.7393268100 0.0000005301
1.1296170000 0.0000006169
0.9301064400 0.0002654012
0.5318084600 0.0000006147
2.7347784000 0.0017059649
0.1044673300 0.0000002937
0.9621215900 0.0000000884
1.1153397000 0.0000002420
2.9241773000 0.0000116763
1.0381049000 0.0000786374
0.1337474600 0.0000453845
1.5540114000 0.0000026500
3.1384622000 0.0000002168
1.3975055000 0.0000006006
0.2126449100 0.0000102710
3.1291665000 0.0000029228
2.3383642000 0.0000135294
0.5729567000 0.0000173761
0.0822355210 0.0000001192
0.0805067790 0.0000004236
0.1703256500 0.0000193785
0.4885422500 0.0000004396
0.5022094600 0.0000030577
0.3512292100 0.0000001539
0.7227009300 0.0000067102
0.1560175000 0.0000005811
0.3690973700 0.0000007024
1.3680073000 0.0000005352
0.1499716200 0.0000001303
0.3095217100 0.0000008186
0.7082099400 0.0000024759
0.8329080700 0.0000003555
0.4751302000 0.0000002802
0.3656994500 0.0000009343
0.0321001150 0.0000002872
0.1311084000 0.0000000427
0.1211772700 0.0000001682
0.4754909600 0.0000003722
0.3441011100 0.0000001372
0.2458967800 0.0000003907
1.6926580000 0.0000004533
9.7109195000 2.6474253967
0.6182038200 0.0000052186
1.1845992000 0.0002927179
5.6144856000 0.0000486418
0.4545834500 0.0000001159
1.4714240000 0.0000009709
0.0581934170 0.0000022820
0.1817838900 0.0000028663
2.8227261000 0.0000009684
1.4023161000 0.0000004950
0.5108608400 0.0000259139
18.9611420000 15.4160391832
0.1978475900 0.0000012176
3.6706585000 0.0001642852
0.0446191630 0.0000204372
8.8508100000 0.4213283272
0.2381649900 0.0000081741
1.7336638000 0.0000793868
1.7829343000 0.0000015869
1.2789284000 0.0000005765
0.1464412000 0.0000007950
0.6436078000 0.0000116424
7.5656976000 0.0000128553
0.2590781300 0.0000003681
1.0315862000 0.0000008737
0.3034789100 0.0000831102
0.0749178620 0.0000131306
0.0511793600 0.0000128314
0.1903545700 0.0000007772
0.7077061100 0.0000022999
0.7776954500 0.0000012677
0.8880112500 0.0000004376
0.4444914100 0.0000007607
2.5863919000 0.0000796746
0.1776614500 0.0000093408
0.2352003500 0.0000012814
0.4251900000 0.0000003188
0.8342598500 0.0000006274
0.3988972000 0.0000238632
0.0691507010 0.0000006083
0.0598764110 0.0000006294
0.1144485100 0.0000005516
1.5947951000 0.0000004061
0.4307721800 0.0000384956
1.0402604000 0.0000005885
4.4843054000 0.0000011995
0.8652111300 0.0000003944
2.0150817000 0.0000000385
3.7339778000 0.0000157937
0.2835172100 0.0000031767
0.4960379000 0.0000008318
1.0460564000 0.0000014067
2.0431255000 0.0000007313
7.3330315000 0.0031146669
1.2561968000 0.0099553637
0.1920222300 0.0000083245
0.2774103400 0.0000005286
0.1656602200 0.0000046778
0.4417389100 0.0000003613
0.1463665800 0.0000043848
0.3717845900 0.0000000430
0.1139527100 0.0000001226
0.0876471800 0.0000050628
0.4940252400 0.0000027925
1.5254198000 0.0000002627
1.2891392000 0.0000360219
0.1892218700 0.0000014710
5.7622330000 0.0000011202
1.0034809000 0.0000002035
0.0982061890 0.0000008525
1.1357540000 0.0000001603
1.4570180000 0.0000001736
10.5706140000 0.0550144896
0.3540447000 0.0000045150
1.7385443000 0.0000001989
0.2882058600 0.0000001648
1.1192764000 0.0001314579
0.2609408600 0.0000016842
1.3581523000 0.0002562555
0.8985519200 0.0000002268
0.2671326200 0.0000016919
0.5692778100 0.0000002898
3.2982776000 0.0000014909
1.8594165000 0.0000006388
1.1060052000 0.0000018420
6.0206339000 0.0000110831
3.1426383000 0.0000135488
2.6124136000 0.0000025675
6.1485279000 0.0002171544
0.6678649500 0.0000361096
0.0854927740 0.0000253647
1.1282809000 0.0000001170
6.4230335000 22.1639018909
0.6958600200 0.0000003271
1.2190647000 0.0098035752
3.0187126000 0.0000003059
1.4585370000 0.0000007205
0.3732704900 0.0000055528
0.2984365700 0.0000010794
1.7434655000 0.0000002433
7.7836644000 0.0000528245
5.9026961000 0.0000002470
0.5292720800 0.0000003804
0.2664690200 0.3624513011
0.5141969400 0.0000002298
0.4257187400 0.0000004104
0.7091534500 0.0000655187
0.6481986000 0.0000005168
1.0630123000 0.0000041762
0.5281574500 0.0000031034
2.9375748000 0.0000006018
0.6133467000 0.0000003434
1.1795054000 0.0000025658
1.2119974000 0.0000001908
0.9426558800 0.0000006792
0.6098595900 0.0000004544
0.2799051500 0.0000003318
0.2761989100 0.0000006721
2.2558473000 0.0000007389
1.5052256000 0.0000102736
0.2491897100 0.0000001321
1.0128678000 0.0000095761
2.7812353000 0.0000001001
0.4260237900 0.0000001861
0.2315463200 0.0000003334
0.6408362100 0.0000004646
0.8558025900 0.0000013227
0.1781119100 0.0000006771
0.5479422000 0.0000002172
1.1674527000 0.0000003914
0.3062562600 0.0000001858
2.6682824000 0.0000003505
11.2934400000 5.0527227699
1.5890649000 0.0074108403
0.6869211000 0.0000199706
0.3566477900 0.0000012359
2.2784290000 0.0000007622
0.1838259300 0.0000001626
0.4038707900 0.0000002970
2.1924764000 0.0000009292
0.3377697100 0.0000701879
0.4209071200 0.0000006603
6.7575141000 0.0000006894
0.6580651000 0.0000029640
1.1729029000 0.0000187377
0.6471865900 0.0000009011
1.2290273000 0.0000242131
0.2181679000 0.0000001208
0.4064797600 0.0000007113
0.0831975070 0.0000001885
0.5173001400 0.0000053597
1.2030864000 0.0000002845
0.5681029500 0.0000012663
0.0402004900 0.0000004157
1.2319678000 0.0000002698
1.5274525000 0.0763701440
0.2339005700 0.0000014350
0.2877169400 0.0000072644
3.2684750000 0.0000000779
1.2173224000 0.0000007757
0.1933206100 0.0000002470
0.7297403700 0.0000004338
0.5066429000 0.0000004805
0.3172806300 0.0004905009
1.7649660000 0.0000800709
0.7359103200 0.0000002459
0.7727299900 0.0000000862
4.7421057000 0.0000001626
4.8961640000 0.0000001693
1.2392488000 0.0000017493
1.3198574000 0.0000001581
0.4013801000 0.0000001030
0.3013755500 0.0000005485
2.8296838000 0.0000567279
0.3549730100 0.0000015187
0.7896134700 0.0000004401
0.2133837900 0.0000003850
0.5982125600 0.0000020411
0.2589850900 0.0001308832
0.6736394100 0.0000049627
0.1932812800 0.0000007528
10.9696350000 0.1338839630
0.2083628900 0.0000033373
3.7661465000 0.0000200845
0.1224981400 0.0000007871
5.3587706000 0.1270048754
1.7044057000 0.0037749562
0.7423262500 0.0000004645
0.8159527000 0.0000004121
6.5442395000 0.0000199642
0.2451754600 0.0000001228
1.0059030000 0.0000003464
0.6643001800 0.0002867116
1.4132435000 0.0000002639
1.0697597000 0.0000004521
0.3717248800 0.0000040104
0.0558293200 0.0000164268
0.3646058200 0.0000028037
0.7619916200 0.0000012147
0.1813617100 0.0000003956
0.1922214300 0.0000024414
1.0755526000 0.0000001802
2.4454833000 0.0003452190
0.3293324900 0.0000004484
0.1089529500 0.0000004031
5.6682230000 0.0022280155
1.3607348000 0.0000006448
4.4978119000 0.0000008092
1.5999235000 0.0000003114
3.3016213000 0.0000274196
1.4591773000 0.0000007579
9.8229738000 0.6826228899
0.0501349350 0.0000009898
0.6826635000 0.0000001711
1.4847913000 0.0000015385
0.1335247500 0.0000168613
0.4767938500 0.0000038183
2.4636838000 0.0000799518
0.2812521300 0.0000012309
0.1523523400 0.0000006487
6.3513451000 0.1053939603
5.1304992000 0.0000345906
0.1609165900 0.0000082682
1.1077498000 0.0000693218
0.1333843700 0.0000090645
0.3757825300 0.0000013611
1.6744716000 0.0000163262
0.7820262800 0.0000005089
0.1801312500 0.0000711412
0.9069872200 0.0000009535
0.8946778700 0.0000001901
0.8679179800 0.0053443469
1.1922333000 0.0000024355
0.9162509000 0.0000003804
0.9811512500 0.0004735376
14.1445730000 2.9845411676
1.0184759000 0.0000006907
0.0293090120 0.0000068289
0.6578860700 0.0000022453
0.3203314900 0.0000060378
0.0843144300 0.0000592517
0.3757002500 0.0000006949
1.7633924000 0.0000020860
0.3714295100 0.0000048921
