

    0.199999999999999917E-02   -0.324043665168183384-315    0.220056152343750000E+01    0.541327621715044574E-01   -0.115795271396636963E+02    0.560009479522705078E-02
    0.199999999999999917E-02   -0.324043665168183384-315    0.548523426055908203E+00    0.192063624291808455E+01   -0.102920489311218262E+02    0.678541302680969238E+00
    0.199999999999999917E-02   -0.324043665168183384-315    0.296399879455566406E+01    0.282244610677088233E-03   -0.440191078186035156E+01    0.572602987289428711E+00
    0.199999999999999917E-02   -0.324043665168183384-315   -0.321876907348632812E+01    0.245042523898927195E-02   -0.955230283737182617E+01    0.281731867790222168E+01
    0.199999999999999917E-02   -0.324043665168183384-315    0.562121391296386719E+00    0.376097713838561613E+05   -0.465072178840637207E+01    0.105548930168151855E+01
    0.199999999999999917E-02   -0.324043665168183384-315   -0.187377500534057617E+01    0.427852673895947305E+03   -0.127406082153320312E+02    0.220130109786987305E+01
    0.199999999999999917E-02   -0.324043665168183384-315    0.378923511505126953E+01    0.514144648181041475E+03   -0.136572270393371582E+02    0.344187569618225098E+01
    0.199999999999999917E-02   -0.324043665168183384-315    0.331634759902954102E+01    0.583999849221691139E-01   -0.146024389266967773E+02    0.912405252456665039E-01
    0.199999999999999917E-02   -0.324043665168183384-315   -0.106244754791259766E+01    0.389164903591267066E+05   -0.106067535877227783E+02    0.468899059295654297E+01
    0.199999999999999917E-02   -0.324043665168183384-315    0.342387294769287109E+01    0.281106814739213068E-04   -0.131018681526184082E+02    0.223033046722412109E+01
    0.199999999999999917E-02   -0.139059035050429414-308   -0.812664031982421875E+00    0.239901265750074967E-05   -0.151257400512695312E+02    0.322641670703887939E+01
    0.199999999999999917E-02   -0.139059035050429414-308   -0.163568115234375000E+01    0.749422576755858942E-04   -0.107118210792541504E+02    0.248049902915954590E+01
    0.199999999999999917E-02   -0.139059035050429414-308    0.390830516815185547E+00    0.369803680805539670E+03   -0.474940562248229980E+01    0.425465941429138184E+01
    0.199999999999999917E-02   -0.139059035050429414-308    0.346326255798339844E+01    0.839687262266201641E-05   -0.140693802833557129E+02    0.393364369869232178E+01
    0.199999999999999917E-02   -0.139059035050429414-308   -0.368724155426025391E+01    0.980193971138508350E+05   -0.156201934814453125E+02    0.579577016830444336E+01
    0.199999999999999917E-02   -0.139059035050429414-308    0.167830896377563477E+01    0.955481898060539152E+03   -0.103860471248626709E+02    0.487319827079772949E+00
    0.199999999999999917E-02   -0.139059035050429414-308    0.387009143829345703E+00    0.153672330770426888E+05   -0.517647123336791992E+01    0.700874805450439453E+00
    0.199999999999999917E-02   -0.139059035050429414-308   -0.198923683166503906E+01    0.189357692758190387E+05   -0.121156492233276367E+02    0.300911843776702881E+01
    0.199999999999999917E-02   -0.139059035050429414-308   -0.366773986816406250E+01    0.244021071630028491E+05   -0.904746460914611816E+01    0.562962269783020020E+01
    0.199999999999999917E-02   -0.139059035050429414-308    0.866296291351318359E+00    0.129594193884261211E+01   -0.568472766876220703E+01    0.146326661109924316E+00
    0.199999999999999917E-02   -0.139059035050429414-308    0.650513172149658203E+00    0.756826988503349712E+06   -0.718140530586242676E+01    0.395446372032165527E+01
    0.199999999999999917E-02   -0.139059035050429414-308   -0.346087694168090820E+01    0.207542688869255868E-03   -0.423533630371093750E+01    0.145418608188629150E+01
    0.199999999999999917E-02   -0.139059035050429414-308    0.165156316757202148E+01    0.556255789014229551E+06   -0.693478727340698242E+01    0.395979452133178711E+01
    0.199999999999999917E-02   -0.139059035050429414-308   -0.306664466857910156E+01    0.167336106089775012E+04   -0.125901942253112793E+02    0.388215243816375732E+01
    0.199999999999999917E-02   -0.139059035050429414-308   -0.127263498306274414E+01    0.238983884571324587E-04   -0.146797058582305908E+02    0.200534605979919434E+01
    0.199999999999999917E-02   -0.139059035050429414-308   -0.287207460403442383E+01    0.231138753307730742E-05   -0.140381915569305420E+02    0.284161412715911865E+01
    0.199999999999999917E-02   -0.139059035050429414-308    0.154698085784912109E+01    0.253531956112529738E-01   -0.799442005157470703E+01    0.380234599113464355E+00
    0.199999999999999917E-02   -0.139059035050429414-308   -0.348881435394287109E+01    0.169052323759056890E+05   -0.111070699691772461E+02    0.358639526367187500E+01
    0.199999999999999917E-02   -0.139059035050429414-308   -0.258533716201782227E+01    0.132501124044248815E-03   -0.104259104728698730E+02    0.533685994148254395E+01
    0.199999999999999917E-02   -0.139059035050429414-308   -0.341249752044677734E+01    0.342493608732779924E-03   -0.159429855346679688E+02    0.380443382263183594E+01
    0.199999999999999917E-02   -0.139059035050429414-308    0.484180450439453125E-01    0.181844354032510823E-04   -0.449380397796630859E+01    0.186261391639709473E+01
    0.199999999999999917E-02   -0.139059035050429414-308   -0.303883361816406250E+01    0.336412895430748538E+00   -0.129700043201446533E+02    0.445711255073547363E+01
    0.199999999999999917E-02   -0.139059035050429414-308   -0.803364276885986328E+00    0.146844511691618429E+01   -0.125381386280059814E+02    0.364111304283142090E+00
    0.199999999999999917E-02   -0.139059035050429414-308   -0.157116079330444336E+01    0.156564167576937651E-04   -0.143105645179748535E+02    0.882020831108093262E+00
    0.199999999999999917E-02   -0.139059035050429414-308    0.635063171386718750E+00    0.128970906572494514E+05   -0.710075807571411133E+01    0.386543762683868408E+01
    0.199999999999999917E-02   -0.139059035050429414-308    0.384447908401489258E+01    0.213231431742771693E-03   -0.126706583499908447E+02    0.505174934864044189E+01
    0.199999999999999917E-02   -0.139059035050429414-308   -0.282549571990966797E+01    0.817702399308715689E-04   -0.133688945770263672E+02    0.136071753501892090E+01
    0.199999999999999917E-02   -0.139059035050429414-308    0.380555725097656250E+01    0.458327804627938207E+00   -0.152117981910705566E+02    0.221176350116729736E+01
    0.199999999999999917E-02   -0.139059035050429414-308   -0.397976732254028320E+01    0.439785764062475122E+06   -0.124531376361846924E+02    0.166135811805725098E+01
    0.199999999999999917E-02   -0.139059035050429414-308   -0.308377265930175781E+00    0.166585337159787887E+05   -0.407406759262084961E+01    0.575577878952026367E+01
    0.199999999999999917E-02   -0.139059035050429414-308    0.375381898880004883E+01    0.677128466613248080E-03   -0.145396480560302734E+02    0.231651985645294189E+01
    0.199999999999999917E-02   -0.139059035050429414-308    0.953555107116699219E-01    0.207581772799779574E+05   -0.550169515609741211E+01    0.384949207305908203E+01
    0.199999999999999917E-02   -0.139059035050429414-308    0.108193063735961914E+01    0.245070506325434498E-03   -0.659522819519042969E+01    0.486989915370941162E+01
    0.199999999999999917E-02   -0.139059035050429414-308   -0.802494049072265625E+00    0.188544449382472250E-03   -0.800121927261352539E+01    0.535317671298980713E+01
    0.199999999999999917E-02   -0.139059035050429414-308   -0.309584283828735352E+01    0.717622022063351687E+04   -0.120830786228179932E+02    0.470199465751647949E+01
    0.199999999999999917E-02   -0.139059035050429414-308   -0.249748945236206055E+01    0.437946760346572504E-02   -0.867180085182189941E+01    0.125710237026214600E+01
    0.199999999999999917E-02   -0.139059035050429414-308   -0.366459369659423828E+00    0.771362514147741877E+03   -0.100170953273773193E+02    0.293575429916381836E+01
    0.199999999999999917E-02   -0.139059035050429414-308    0.230768871307373047E+01    0.159240680100416299E+01   -0.681620931625366211E+01    0.290258896350860596E+01
    0.199999999999999917E-02   -0.139059035050429414-308    0.334439849853515625E+01    0.499995969119179196E-05   -0.426114201545715332E+01    0.366415071487426758E+01
    0.199999999999999917E-02   -0.139059035050429414-308   -0.397287130355834961E+01    0.486065304433633009E-04   -0.565932035446166992E+01    0.811967253684997559E+00
    0.199999999999999917E-02   -0.139059035050429414-308    0.169765138626098633E+01    0.542762212174272354E-01   -0.155265707969665527E+02    0.219291007518768311E+01
    0.199999999999999917E-02   -0.139059035050429414-308    0.365473079681396484E+01    0.806755356349943395E+04   -0.736362886428833008E+01    0.199583458900451660E+01
    0.199999999999999917E-02   -0.139059035050429414-308   -0.211529684066772461E+01    0.399184033812311798E-05   -0.135765397548675537E+02    0.456392133235931396E+01
    0.199999999999999917E-02   -0.139059035050429414-308   -0.313638210296630859E+00    0.230194466215390946E+03   -0.610263943672180176E+01    0.197769391536712646E+01
    0.199999999999999917E-02   -0.139059035050429414-308    0.835775375366210938E+00    0.180349705115969414E+03   -0.948103761672973633E+01    0.530052065849304199E+00
    0.199999999999999917E-02   -0.139059035050429414-308    0.260794115066528320E+01    0.325992907100559296E+04   -0.143326072692871094E+02    0.531819248199462891E+01
    0.199999999999999917E-02   -0.139059035050429414-308   -0.328904533386230469E+01    0.162383524550793027E+04   -0.637487220764160156E+01    0.532938730716705322E+01
    0.199999999999999917E-02   -0.139059035050429414-308   -0.316233444213867188E+01    0.858894721631106028E-01   -0.103141710758209229E+02    0.446610724925994873E+01
    0.199999999999999917E-02   -0.139059035050429414-308   -0.694155693054199219E-01    0.433195742131251609E+04   -0.140812499523162842E+02    0.877174973487854004E+00
    0.199999999999999917E-02   -0.139059035050429414-308    0.666679382324218750E+00    0.259645778327076232E+04   -0.110266673564910889E+02    0.693192243576049805E+00
    0.199999999999999917E-02   -0.139059035050429414-308    0.111065435409545898E+01    0.919714109651369127E+00   -0.581517028808593750E+01    0.288545107841491699E+01
    0.199999999999999917E-02   -0.139059035050429414-308   -0.635375499725341797E+00    0.127920114349130716E+06   -0.117020218372344971E+02    0.493450284004211426E+00
    0.199999999999999917E-02   -0.139059035050429414-308    0.254711723327636719E+01    0.401810968356982343E+02   -0.156892585754394531E+02    0.237451493740081787E+01
    0.199999999999999917E-02   -0.139059035050429414-308    0.234289407730102539E+01    0.224930525075490948E+03   -0.109097537994384766E+02    0.708791255950927734E+00
    0.199999999999999917E-02   -0.139059035050429414-308    0.173974037170410156E-01    0.154886954049076257E+04   -0.137206487655639648E+02    0.287004518508911133E+01
    0.199999999999999917E-02   -0.139059035050429414-308    0.201625251770019531E+01    0.257896600626713430E-04   -0.113829569816589355E+02    0.133101546764373779E+01
    0.199999999999999917E-02   -0.139059035050429414-308    0.381071567535400391E+01    0.141619263545268694E+03   -0.865150690078735352E+01    0.494383978843688965E+01
    0.199999999999999917E-02   -0.139059035050429414-308    0.555963039398193359E+00    0.131685316992888465E-03   -0.665912485122680664E+01    0.123722791671752930E+00
    0.199999999999999917E-02   -0.139059035050429414-308    0.451049804687500000E-01    0.817974478872824875E+02   -0.155895276069641113E+02    0.371999502182006836E+01
    0.199999999999999917E-02   -0.139059035050429414-308    0.285331201553344727E+01    0.213062464672660417E+04   -0.141309595108032227E+02    0.402052652835845947E+01
    0.199999999999999917E-02   -0.139059035050429414-308    0.489196777343750000E-01    0.447203613760029428E+00   -0.877890825271606445E+01    0.164915156364440918E+01
    0.199999999999999917E-02   -0.139059035050429414-308   -0.162150382995605469E+01    0.736638639679832750E+02   -0.152448651790618896E+02    0.138805711269378662E+01
    0.199999999999999917E-02   -0.139059035050429414-308   -0.845299243927001953E+00    0.645292351297962668E+05   -0.680300354957580566E+01    0.365467321872711182E+01
    0.199999999999999917E-02   -0.139059035050429414-308    0.388790607452392578E+01    0.542954731759545162E+01   -0.134684932231903076E+02    0.447220337390899658E+01
    0.199999999999999917E-02   -0.139059035050429414-308    0.736495971679687500E+00    0.280569825611315318E+05   -0.767592382431030273E+01    0.372114872932434082E+01
    0.199999999999999917E-02   -0.139059035050429414-308   -0.363988447189331055E+01    0.146211443640651001E-01   -0.477883553504943848E+01    0.558546495437622070E+01
    0.199999999999999917E-02   -0.139059035050429414-308    0.112363386154174805E+01    0.149768103570238376E+01   -0.115792546272277832E+02    0.317631518840789795E+01
    0.199999999999999917E-02   -0.139059035050429414-308   -0.164782142639160156E+01    0.367103949396253425E-03   -0.158235993385314941E+02    0.511824524402618408E+01
    0.199999999999999917E-02   -0.139059035050429414-308    0.110262823104858398E+01    0.248137510620487767E+01   -0.529481387138366699E+01    0.243306720256805420E+01
    0.199999999999999917E-02   -0.139059035050429414-308    0.933733940124511719E+00    0.286925190505449382E+04   -0.142343497276306152E+02    0.575467586517333984E+00
    0.199999999999999917E-02   -0.139059035050429414-308   -0.173449134826660156E+01    0.222418093872718691E+04   -0.888837385177612305E+01    0.576712703704833984E+01
    0.199999999999999917E-02   -0.139059035050429414-308    0.185774326324462891E+01    0.217080497216689034E-05   -0.658595919609069824E+01    0.335362780094146729E+01
    0.199999999999999917E-02   -0.139059035050429414-308   -0.178387546539306641E+01    0.400227203522271822E+02   -0.547461414337158203E+01    0.108304810523986816E+01
    0.199999999999999917E-02   -0.139059035050429414-308    0.103174638748168945E+01    0.147983069190710191E-04   -0.943456315994262695E+01    0.595389711856842041E+01
    0.199999999999999917E-02   -0.139059035050429414-308   -0.309985733032226562E+01    0.389127090549224036E-01   -0.138725891113281250E+02    0.489753627777099609E+01
    0.199999999999999917E-02   -0.139059035050429414-308    0.163481569290161133E+01    0.106517215656958611E-01   -0.852569770812988281E+01    0.466838371753692627E+01
    0.199999999999999917E-02   -0.139059035050429414-308    0.245570278167724609E+01    0.375555914845733584E-03   -0.110920696258544922E+02    0.487599098682403564E+01
    0.199999999999999917E-02   -0.139059035050429414-308   -0.856510639190673828E+00    0.263556445646316867E-05   -0.667621445655822754E+01    0.296606683731079102E+01
    0.199999999999999917E-02   -0.139059035050429414-308   -0.200121593475341797E+01    0.682588390340215119E+05   -0.552396750450134277E+01    0.599409842491149902E+01
    0.199999999999999917E-02   -0.139059035050429414-308    0.557703495025634766E+00    0.220435727205042298E+01   -0.465513992309570312E+01    0.492605710029602051E+01
    0.199999999999999917E-02   -0.139059035050429414-308    0.323124408721923828E+00    0.249229411936952426E-05   -0.140283231735229492E+02    0.306559967994689941E+01
    0.199999999999999917E-02   -0.139059035050429414-308   -0.123287534713745117E+01    0.154962138541748289E-04   -0.123280251026153564E+02    0.503902924060821533E+01
    0.199999999999999917E-02   -0.139059035050429414-308    0.445298194885253906E+00    0.331540373754783471E-01   -0.126005425453186035E+02    0.234813809394836426E+00
    0.199999999999999917E-02   -0.139059035050429414-308   -0.275172805786132812E+01    0.338867386906851956E+06   -0.124781737327575684E+02    0.112857162952423096E+01
    0.199999999999999917E-02   -0.139059035050429414-308   -0.344602394104003906E+01    0.980173523324897808E-02   -0.815210533142089844E+01    0.211895620822906494E+01
    0.199999999999999917E-02   -0.139059035050429414-308   -0.285205364227294922E+00    0.225517459283814288E-01   -0.104218478202819824E+02    0.509459495544433594E+00
    0.199999999999999917E-02   -0.139059035050429414-308    0.512695789337158203E+00    0.136062821144033314E+00   -0.128502569198608398E+02    0.181424617767333984E+01
    0.199999999999999917E-02   -0.139059035050429414-308   -0.190306329727172852E+01    0.196950163704743475E+01   -0.111653332710266113E+02    0.453100097179412842E+01
    0.199999999999999917E-02   -0.139059035050429414-308   -0.789506435394287109E+00    0.658115553151290165E+06   -0.672448778152465820E+01    0.189772081375122070E+01
    0.199999999999999917E-02   -0.139059035050429414-308   -0.710839748382568359E+00    0.306848112513111337E+00   -0.954699206352233887E+01    0.248921871185302734E+00
    0.199999999999999917E-02   -0.139059035050429414-308   -0.225686550140380859E+01    0.103307767516604812E+03   -0.612630939483642578E+01    0.246246886253356934E+01
    0.199999999999999917E-02   -0.139059035050429414-308   -0.463983058929443359E+00    0.356191788127187348E+01   -0.540537810325622559E+01    0.359542286396026611E+01
    0.199999999999999917E-02   -0.139059035050429414-308   -0.466958522796630859E+00    0.414946782221769627E+04   -0.146732006072998047E+02    0.544365835189819336E+01
    0.199999999999999917E-02   -0.139059035050429414-308    0.123175287246704102E+01    0.333129648808613106E-03   -0.152735919952392578E+02    0.172815120220184326E+01
    0.199999999999999917E-02   -0.139059035050429414-308   -0.499588012695312500E+00    0.166961353695283528E+02   -0.122816286087036133E+02    0.279055488109588623E+01
    0.199999999999999917E-02   -0.139059035050429414-308    0.328236913681030273E+01    0.136081421629789622E-03   -0.120096504688262939E+02    0.143140554428100586E+01
    0.199999999999999917E-02   -0.139059035050429414-308    0.304149055480957031E+01    0.794744964870651577E-01   -0.116505827903747559E+02    0.204575300216674805E+01
    0.199999999999999917E-02   -0.139059035050429414-308    0.212455272674560547E+01    0.803257913659620115E+01   -0.944905924797058105E+01    0.156407153606414795E+01
    0.199999999999999917E-02   -0.139059035050429414-308    0.141687822341918945E+01    0.842706041392742192E-05   -0.824092149734497070E+01    0.444301986694335938E+01
    0.199999999999999917E-02   -0.139059035050429414-308    0.365646266937255859E+01    0.172804207149826884E-02   -0.703989124298095703E+01    0.107963597774505615E+01
    0.199999999999999917E-02   -0.139059035050429414-308    0.439783573150634766E+00    0.235798193710859264E-03   -0.124200320243835449E+02    0.267850685119628906E+01
    0.199999999999999917E-02   -0.139059035050429414-308   -0.314826059341430664E+01    0.569305766707065772E-01   -0.152607982158660889E+02    0.511997973918914795E+01
    0.199999999999999917E-02   -0.139059035050429414-308   -0.214135646820068359E+01    0.342366529563084771E-02   -0.687327313423156738E+01    0.498943519592285156E+01
    0.199999999999999917E-02   -0.139059035050429414-308   -0.921057701110839844E+00    0.397309729131130385E+06   -0.537040567398071289E+01    0.364060556888580322E+01
    0.199999999999999917E-02   -0.139059035050429414-308   -0.193345212936401367E+01    0.321933732786218843E+04   -0.655648636817932129E+01    0.145632612705230713E+01
    0.199999999999999917E-02   -0.139059035050429414-308    0.136626958847045898E+01    0.280779842922769296E+01   -0.152446799278259277E+02    0.656535029411315918E+00
    0.199999999999999917E-02   -0.139059035050429414-308    0.323921394348144531E+01    0.843976449187861562E+02   -0.104533598423004150E+02    0.346458792686462402E+00
    0.199999999999999917E-02   -0.139059035050429414-308   -0.405545711517333984E+00    0.468388920123464868E+04   -0.130501651763916016E+02    0.583538568019866943E+01
    0.199999999999999917E-02   -0.139059035050429414-308    0.387010478973388672E+01    0.225619125576196093E+06   -0.427564454078674316E+01    0.593187832832336426E+01
    0.199999999999999917E-02   -0.139059035050429414-308    0.165825128555297852E+01    0.237608711919238580E+02   -0.121539089679718018E+02    0.459596049785614014E+01
    0.199999999999999917E-02   -0.139059035050429414-308    0.285642004013061523E+01    0.915263080263892803E-01   -0.120545148849487305E+02    0.295352375507354736E+01
    0.199999999999999917E-02   -0.139059035050429414-308    0.336965799331665039E+01    0.255065368856666146E+04   -0.150496883392333984E+02    0.181209182739257812E+01
    0.199999999999999917E-02   -0.139059035050429414-308   -0.610101222991943359E+00    0.312442975656968847E+05   -0.856418490409851074E+01    0.394822490215301514E+01
    0.199999999999999917E-02   -0.139059035050429414-308   -0.260931015014648438E+01    0.365073704116956627E-02   -0.151913990974426270E+02    0.596497642993927002E+01
    0.199999999999999917E-02   -0.139059035050429414-308    0.285814094543457031E+01    0.215337600409690765E+03   -0.141398365497589111E+02    0.559989237785339355E+01
    0.199999999999999917E-02   -0.139059035050429414-308   -0.317756652832031250E+01    0.244778462683142633E-03   -0.883230352401733398E+01    0.289061808586120605E+01
    0.199999999999999917E-02   -0.139059035050429414-308   -0.238606882095336914E+01    0.741351964404206809E+00   -0.811503505706787109E+01    0.486138582229614258E+01
    0.199999999999999917E-02   -0.139059035050429414-308   -0.145094871520996094E+01    0.431582796794897331E+04   -0.148963639736175537E+02    0.172045469284057617E+00
    0.199999999999999917E-02   -0.139059035050429414-308    0.197572565078735352E+01    0.138035883299987409E-02   -0.790987110137939453E+01    0.367535698413848877E+01
    0.199999999999999917E-02   -0.139059035050429414-308   -0.381836032867431641E+01    0.875514063030686795E+00   -0.827514076232910156E+01    0.991378426551818848E+00
    0.199999999999999917E-02   -0.139059035050429414-308    0.249081134796142578E+01    0.281694622735366147E+04   -0.785264277458190918E+01    0.300419139862060547E+01
    0.199999999999999917E-02   -0.139059035050429414-308   -0.938774585723876953E+00    0.938368125303117154E+03   -0.146888525485992432E+02    0.353941762447357178E+01
    0.199999999999999917E-02   -0.139059035050429414-308    0.232944297790527344E+01    0.406328403698018246E+04   -0.138381288051605225E+02    0.241072618961334229E+01
    0.199999999999999917E-02   -0.139059035050429414-308   -0.274571752548217773E+01    0.833695379942326866E+02   -0.799354600906372070E+01    0.341357374191284180E+01
    0.199999999999999917E-02   -0.139059035050429414-308    0.298159503936767578E+01    0.642590828381286236E+06   -0.135464689731597900E+02    0.541187453269958496E+01
    0.199999999999999917E-02   -0.139059035050429414-308    0.108519411087036133E+01    0.836335337620163822E-03   -0.100634267330169678E+02    0.239119040966033936E+01
    0.199999999999999917E-02   -0.139059035050429414-308    0.119240665435791016E+01    0.155567748105441706E+04   -0.132368369102478027E+02    0.640268325805664062E+00
    0.199999999999999917E-02   -0.139059035050429414-308    0.294672679901123047E+01    0.409906426018685821E+00   -0.439839601516723633E+01    0.465579593181610107E+01
    0.199999999999999917E-02   -0.139059035050429414-308    0.332638692855834961E+01    0.338476017614882801E-01   -0.869871234893798828E+01    0.440968143939971924E+01
    0.199999999999999917E-02   -0.139059035050429414-308   -0.367027330398559570E+01    0.333182139849075345E-05   -0.401590728759765625E+01    0.428526949882507324E+01
    0.199999999999999917E-02   -0.139059035050429414-308    0.114916229248046875E+01    0.213286925209339756E+03   -0.147565579414367676E+02    0.126456749439239502E+01
    0.199999999999999917E-02   -0.139059035050429414-308    0.840110778808593750E+00    0.236461252130647978E+03   -0.408789634704589844E+01    0.443485879898071289E+01
    0.199999999999999917E-02   -0.139059035050429414-308   -0.257898855209350586E+01    0.124582510155789444E-01   -0.117829308509826660E+02    0.222073101997375488E+01
    0.199999999999999917E-02   -0.139059035050429414-308    0.148472881317138672E+01    0.332252609801313940E-04   -0.145901637077331543E+02    0.850980520248413086E+00
    0.199999999999999917E-02   -0.139059035050429414-308    0.233054685592651367E+01    0.114049937288553569E-04   -0.158055026531219482E+02    0.416417455673217773E+01
    0.199999999999999917E-02   -0.139059035050429414-308    0.107465410232543945E+01    0.124355241953721043E+04   -0.972903108596801758E+01    0.303057789802551270E+01
    0.199999999999999917E-02   -0.139059035050429414-308    0.798168182373046875E+00    0.284922936242330659E-05   -0.979949951171875000E+01    0.258726525306701660E+01
    0.199999999999999917E-02   -0.139059035050429414-308    0.257395982742309570E+01    0.708106935941531845E+00   -0.477314782142639160E+01    0.119187104701995850E+01
    0.199999999999999917E-02   -0.139059035050429414-308   -0.397169399261474609E+01    0.526393040395052164E-01   -0.116367969512939453E+02    0.245358467102050781E+00
    0.199999999999999917E-02   -0.139059035050429414-308   -0.183140850067138672E+01    0.107279942433121045E+01   -0.155468468666076660E+02    0.187551891803741455E+01
    0.199999999999999917E-02   -0.139059035050429414-308   -0.307136631011962891E+01    0.176037998623712629E+05   -0.920559549331665039E+01    0.261896359920501709E+01
    0.199999999999999917E-02   -0.139059035050429414-308    0.110795307159423828E+01    0.283075880182862179E-02   -0.134438118934631348E+02    0.355560779571533203E+01
    0.199999999999999917E-02   -0.139059035050429414-308    0.328129482269287109E+01    0.166870545035776113E+00   -0.531230545043945312E+01    0.440428912639617920E+01
    0.199999999999999917E-02   -0.139059035050429414-308    0.213424634933471680E+01    0.206197941164479346E+03   -0.997619986534118652E+01    0.574754834175109863E+00
    0.199999999999999917E-02   -0.139059035050429414-308   -0.133346796035766602E+01    0.123583007862532665E-01   -0.802284431457519531E+01    0.527786672115325928E+01
    0.199999999999999917E-02   -0.139059035050429414-308    0.540827751159667969E+00    0.152435010963296591E+01   -0.120492620468139648E+02    0.415874361991882324E+01
    0.199999999999999917E-02   -0.139059035050429414-308    0.171445131301879883E+01    0.635454025244669474E+01   -0.117137448787689209E+02    0.525115334987640381E+01
    0.199999999999999917E-02   -0.139059035050429414-308    0.710048675537109375E-01    0.757020212375556056E+00   -0.661585688591003418E+01    0.532343316078186035E+01
    0.199999999999999917E-02   -0.139059035050429414-308   -0.216595077514648438E+01    0.169514758678448329E-03   -0.418688845634460449E+01    0.422011756896972656E+01
    0.199999999999999917E-02   -0.139059035050429414-308   -0.189334774017333984E+01    0.103470664421619150E-02   -0.119942302703857422E+02    0.530908226966857910E+01
    0.199999999999999917E-02   -0.139059035050429414-308   -0.570323944091796875E+00    0.652850308830407539E+04   -0.143924849033355713E+02    0.391113674640655518E+01
    0.199999999999999917E-02   -0.139059035050429414-308    0.256300115585327148E+01    0.116428385216917629E-05   -0.562053990364074707E+01    0.210956525802612305E+01
    0.199999999999999917E-02   -0.139059035050429414-308    0.362254524230957031E+01    0.544895054464305563E-02   -0.665889668464660645E+01    0.418599736690521240E+01
    0.199999999999999917E-02   -0.139059035050429414-308    0.362303543090820312E+01    0.213339505124929125E-05   -0.104601168632507324E+02    0.478098213672637939E+01
    0.199999999999999917E-02   -0.139059035050429414-308    0.354877853393554688E+01    0.497718535115971097E-02   -0.155455923080444336E+02    0.326866328716278076E+01
    0.199999999999999917E-02   -0.139059035050429414-308   -0.333590888977050781E+01    0.396064939442645602E-02   -0.144135570526123047E+02    0.543287050724029541E+01
    0.199999999999999917E-02   -0.139059035050429414-308   -0.605765342712402344E+00    0.529347729389055166E+06   -0.116843464374542236E+02    0.344446814060211182E+01
    0.199999999999999917E-02   -0.139059035050429414-308   -0.348738527297973633E+01    0.203988123650230896E-02   -0.622394251823425293E+01    0.589400982856750488E+01
    0.199999999999999917E-02   -0.139059035050429414-308   -0.166212081909179688E+00    0.311163456001661243E-05   -0.885876083374023438E+01    0.425214815139770508E+01
    0.199999999999999917E-02   -0.139059035050429414-308   -0.328523254394531250E+01    0.643212001709427602E-02   -0.125442769527435303E+02    0.454948210716247559E+01
    0.199999999999999917E-02   -0.139059035050429414-308   -0.379513788223266602E+01    0.505246843194127723E+06   -0.101332786083221436E+02    0.301513302326202393E+01
    0.199999999999999917E-02   -0.139059035050429414-308   -0.555335998535156250E+00    0.184350294219277865E-05   -0.483508396148681641E+01    0.355094218254089355E+01
    0.199999999999999917E-02   -0.139059035050429414-308    0.339028692245483398E+01    0.286906761734294197E-05   -0.102375771999359131E+02    0.338962519168853760E+01
    0.199999999999999917E-02   -0.139059035050429414-308    0.274415826797485352E+01    0.784137981470925733E+06   -0.954519534111022949E+01    0.486026394367218018E+01
    0.199999999999999917E-02   -0.139059035050429414-308    0.631554603576660156E+00    0.689338903244120400E-02   -0.155334966182708740E+02    0.200383973121643066E+01
    0.199999999999999917E-02   -0.139059035050429414-308    0.287347888946533203E+01    0.213322289338017814E-05   -0.150531215667724609E+02    0.580274713039398193E+01
    0.199999999999999917E-02   -0.139059035050429414-308   -0.544256210327148438E+00    0.320982539765872218E+03   -0.553940701484680176E+01    0.536917877197265625E+01
    0.199999999999999917E-02   -0.139059035050429414-308    0.137592935562133789E+01    0.231008220023583772E+04   -0.152151384353637695E+02    0.480796408653259277E+01
    0.199999999999999917E-02   -0.139059035050429414-308    0.247289991378784180E+01    0.670048608913726427E-03   -0.129968578815460205E+02    0.398638164997100830E+01
    0.199999999999999917E-02   -0.139059035050429414-308    0.138897752761840820E+01    0.475378334599289228E+05   -0.124250338077545166E+02    0.159828400611877441E+01
    0.199999999999999917E-02   -0.139059035050429414-308   -0.221814012527465820E+01    0.261958611236311235E-01   -0.107521264553070068E+02    0.367887496948242188E+01
    0.199999999999999917E-02   -0.139059035050429414-308   -0.194704294204711914E+01    0.662903744016788685E-05   -0.829069042205810547E+01    0.425719141960144043E+00
    0.199999999999999917E-02   -0.139059035050429414-308    0.278794002532958984E+01    0.342068191756673477E+05   -0.105959424972534180E+02    0.116667830944061279E+01
    0.199999999999999917E-02   -0.139059035050429414-308    0.372487974166870117E+01    0.301523387054794645E+00   -0.127901411056518555E+02    0.426013290882110596E+01
    0.199999999999999917E-02   -0.139059035050429414-308   -0.128891420364379883E+01    0.308781789658537127E+05   -0.931188678741455078E+01    0.316571366786956787E+01
    0.199999999999999917E-02   -0.139059035050429414-308   -0.397529029846191406E+01    0.161641664604758535E+05   -0.860517406463623047E+01    0.489147162437438965E+01
    0.199999999999999917E-02   -0.139059035050429414-308    0.970360755920410156E+00    0.112617514955057729E+03   -0.471214151382446289E+01    0.546938753128051758E+01
    0.199999999999999917E-02   -0.139059035050429414-308    0.343384170532226562E+01    0.377936886534650043E+02   -0.153531591892242432E+02    0.605505824089050293E+00
    0.199999999999999917E-02   -0.139059035050429414-308   -0.198925352096557617E+01    0.596895708660587188E+05   -0.108790707588195801E+02    0.293429124355316162E+01
    0.199999999999999917E-02   -0.139059035050429414-308   -0.180338382720947266E+00    0.873803700115942047E+04   -0.122758278846740723E+02    0.254858779907226562E+01
    0.199999999999999917E-02   -0.139059035050429414-308   -0.235772466659545898E+01    0.681313637602533606E-01   -0.858833479881286621E+01    0.498095262050628662E+01
    0.199999999999999917E-02   -0.139059035050429414-308    0.602585315704345703E+00    0.101088079424779630E+04   -0.151281783580780029E+02    0.103247523307800293E+00
    0.199999999999999917E-02   -0.139059035050429414-308   -0.165650367736816406E+01    0.254884240140184595E+02   -0.520042371749877930E+01    0.210938107967376709E+01
    0.199999999999999917E-02   -0.139059035050429414-308   -0.378696537017822266E+01    0.453493337922266371E-01   -0.669607996940612793E+01    0.325509059429168701E+01
    0.199999999999999917E-02   -0.139059035050429414-308    0.907930850982666016E+00    0.235735160828692480E+01   -0.146473691463470459E+02    0.294570279121398926E+01
    0.199999999999999917E-02   -0.139059035050429414-308   -0.330896091461181641E+01    0.272959427592784354E+00   -0.135828905105590820E+02    0.592569279670715332E+01
    0.199999999999999917E-02   -0.139059035050429414-308    0.249008989334106445E+01    0.244549991967849711E+00   -0.847569847106933594E+01    0.381357979774475098E+01
    0.199999999999999917E-02   -0.139059035050429414-308   -0.223058795928955078E+01    0.402711746049524518E+06   -0.664602494239807129E+01    0.171860647201538086E+01
    0.199999999999999917E-02   -0.139059035050429414-308   -0.115600347518920898E+01    0.399358291059906423E+04   -0.135973243713378906E+02    0.550610089302062988E+01
    0.199999999999999917E-02   -0.139059035050429414-308   -0.160826063156127930E+01    0.264834370756449111E+01   -0.158157672882080078E+02    0.945585608482360840E+00
    0.199999999999999917E-02   -0.139059035050429414-308    0.560017585754394531E+00    0.383879902159993251E-03   -0.114907617568969727E+02    0.102201819419860840E+00
    0.199999999999999917E-02   -0.139059035050429414-308    0.390654468536376953E+01    0.362542225852744782E+01   -0.129968743324279785E+02    0.314183557033538818E+01
    0.199999999999999917E-02   -0.139059035050429414-308    0.230107307434082031E+00    0.115255706049366185E+06   -0.146426877975463867E+02    0.300664687156677246E+01
    0.199999999999999917E-02   -0.139059035050429414-308   -0.185336017608642578E+01    0.457413352294857531E-04   -0.932913947105407715E+01    0.220257031917572021E+01
    0.199999999999999917E-02   -0.139059035050429414-308   -0.241134881973266602E+01    0.282000985222756844E+04   -0.130172555446624756E+02    0.286930990219116211E+01
    0.199999999999999917E-02   -0.139059035050429414-308    0.177838468551635742E+01    0.687231989304015831E-03   -0.131030390262603760E+02    0.150302267074584961E+01
    0.199999999999999917E-02   -0.139059035050429414-308   -0.116639709472656250E+01    0.168613086849400617E+01   -0.107185251712799072E+02    0.412959516048431396E+01
    0.199999999999999917E-02   -0.139059035050429414-308    0.137101888656616211E+01    0.162135801022102188E+01   -0.674131631851196289E+01    0.306706917285919189E+01
    0.199999999999999917E-02   -0.139059035050429414-308    0.217577219009399414E+01    0.216751948757118257E+00   -0.134896140098571777E+02    0.244004094600677490E+01
    0.199999999999999917E-02   -0.139059035050429414-308    0.440518379211425781E+00    0.153391237920747248E+01   -0.713254475593566895E+01    0.283225536346435547E+00
    0.199999999999999917E-02   -0.139059035050429414-308   -0.271185445785522461E+01    0.104262390915998385E+00   -0.103724858760833740E+02    0.246339762210845947E+01
    0.199999999999999917E-02   -0.139059035050429414-308   -0.316158676147460938E+01    0.546686526985375986E+04   -0.519884514808654785E+01    0.339027571678161621E+01
    0.199999999999999917E-02   -0.139059035050429414-308   -0.197519874572753906E+01    0.218409150740804942E-05   -0.105065770149230957E+02    0.425876963138580322E+01
    0.199999999999999917E-02   -0.139059035050429414-308   -0.115967464447021484E+01    0.464767351808872586E+01   -0.141844320297241211E+02    0.386385262012481689E+01
    0.199999999999999917E-02   -0.139059035050429414-308   -0.125277090072631836E+01    0.521820564944026288E+00   -0.155857653617858887E+02    0.216195917129516602E+01
    0.199999999999999917E-02   -0.139059035050429414-308   -0.291225290298461914E+01    0.178261136545732439E-01   -0.567332291603088379E+01    0.370082616806030273E+00
    0.199999999999999917E-02   -0.139059035050429414-308   -0.139969682693481445E+01    0.358497027849979486E+04   -0.148480741977691650E+02    0.298165047168731689E+01
    0.199999999999999917E-02   -0.139059035050429414-308    0.710647106170654297E+00    0.725874898409471037E+01   -0.914765691757202148E+01    0.585760939121246338E+01
    0.199999999999999917E-02   -0.139059035050429414-308    0.371347522735595703E+01    0.339592193999596337E-01   -0.993037772178649902E+01    0.116287958621978760E+01
    0.199999999999999917E-02   -0.139059035050429414-308   -0.100647497177124023E+01    0.601742712075595477E+03   -0.141736309528350830E+02    0.216705679893493652E+01
    0.199999999999999917E-02   -0.139059035050429414-308    0.330466270446777344E+00    0.395910810605425769E-04   -0.942355823516845703E+01    0.190919101238250732E+01
    0.199999999999999917E-02   -0.139059035050429414-308    0.295578527450561523E+01    0.155771825252643188E-02   -0.721141242980957031E+01    0.410502398014068604E+01
    0.199999999999999917E-02   -0.139059035050429414-308   -0.711494922637939453E+00    0.696947728155384574E-03   -0.405668759346008301E+01    0.582960104942321777E+01
    0.199999999999999917E-02   -0.139059035050429414-308   -0.279284954071044922E+01    0.357460174502744539E-03   -0.122439560890197754E+02    0.484463989734649658E+01
    0.199999999999999917E-02   -0.139059035050429414-308    0.115095138549804688E+00    0.272899794201143426E-04   -0.130009427070617676E+02    0.304435765743255615E+01
    0.199999999999999917E-02   -0.139059035050429414-308    0.210795307159423828E+01    0.154692867929439469E-04   -0.556891775131225586E+01    0.559721875190734863E+01
    0.199999999999999917E-02   -0.139059035050429414-308    0.925646305084228516E+00    0.117426029299588506E-04   -0.103003180027008057E+02    0.497836232185363770E+01
    0.199999999999999917E-02   -0.139059035050429414-308   -0.239550399780273438E+01    0.838847332993110286E-03   -0.654970359802246094E+01    0.514955770969390869E+01
    0.199999999999999917E-02   -0.139059035050429414-308    0.179295253753662109E+01    0.956040171184113387E+04   -0.742065119743347168E+01    0.231824612617492676E+01
    0.199999999999999917E-02   -0.139059035050429414-308    0.162522125244140625E+01    0.168379891751313444E+05   -0.911180472373962402E+01    0.241680693626403809E+01
    0.199999999999999917E-02   -0.139059035050429414-308    0.347519063949584961E+01    0.161893787897244283E+04   -0.107500758171081543E+02    0.175150859355926514E+01
    0.199999999999999917E-02   -0.139059035050429414-308    0.327730989456176758E+01    0.108787354788095184E-03   -0.892222404479980469E+01    0.618866086006164551E+00
    0.199999999999999917E-02   -0.139059035050429414-308    0.177335166931152344E+01    0.603925943472566928E+03   -0.706472492218017578E+01    0.256411886215209961E+01
    0.199999999999999917E-02   -0.139059035050429414-308    0.193715190887451172E+01    0.122464594705486691E-04   -0.606028771400451660E+01    0.205119180679321289E+01
    0.199999999999999917E-02   -0.139059035050429414-308    0.225704479217529297E+01    0.107671183162969186E+03   -0.149115130901336670E+02    0.255057334899902344E+00
    0.199999999999999917E-02   -0.139059035050429414-308   -0.341145563125610352E+01    0.173148533469137656E+05   -0.156763997077941895E+02    0.449314033985137939E+01
    0.199999999999999917E-02   -0.139059035050429414-308   -0.380441570281982422E+01    0.431030866369423032E-02   -0.912032914161682129E+01    0.566112864017486572E+01
    0.199999999999999917E-02   -0.139059035050429414-308   -0.271883010864257812E+00    0.101996151206836493E-02   -0.131016700267791748E+02    0.560407555103302002E+01
    0.199999999999999917E-02   -0.139059035050429414-308   -0.233039188385009766E+01    0.984418571175965189E+04   -0.110682079792022705E+02    0.443520390987396240E+01
    0.199999999999999917E-02   -0.139059035050429414-308    0.288694286346435547E+01    0.501150421073422780E+00   -0.146735875606536865E+02    0.534250259399414062E+01
    0.199999999999999917E-02   -0.139059035050429414-308    0.607425689697265625E+00    0.133023919189840569E+03   -0.111318035125732422E+02    0.380822396278381348E+01
    0.199999999999999917E-02   -0.139059035050429414-308    0.953087806701660156E-01    0.876874846875329013E+03   -0.140303473472595215E+02    0.409830093383789062E+00
    0.199999999999999917E-02   -0.139059035050429414-308    0.321328496932983398E+01    0.735415539854589588E+05   -0.146555423736572266E+02    0.132517397403717041E+01
    0.199999999999999917E-02   -0.139059035050429414-308   -0.205205011367797852E+01    0.154365581144209700E+05   -0.145968685150146484E+02    0.201395344734191895E+01
    0.199999999999999917E-02   -0.139059035050429414-308    0.235537052154541016E+00    0.481500698988429285E+05   -0.119181578159332275E+02    0.186654961109161377E+01
    0.199999999999999917E-02   -0.139059035050429414-308   -0.306614017486572266E+01    0.166327642429395759E+02   -0.120381662845611572E+02    0.371940028667449951E+01
    0.199999999999999917E-02   -0.139059035050429414-308   -0.146283054351806641E+01    0.509330611577338581E-03   -0.146034739017486572E+02    0.210836505889892578E+01
    0.199999999999999917E-02   -0.139059035050429414-308    0.994564056396484375E+00    0.455153685719668043E-04   -0.450590753555297852E+01    0.334890568256378174E+01
    0.199999999999999917E-02   -0.139059035050429414-308   -0.292898893356323242E+01    0.218043516072370203E+02   -0.108639094829559326E+02    0.444788718223571777E+01
    0.199999999999999917E-02   -0.139059035050429414-308    0.331579971313476562E+01    0.989003373494042762E+03   -0.769756102561950684E+01    0.423220002651214600E+01
    0.199999999999999917E-02   -0.139059035050429414-308    0.185026788711547852E+01    0.277950730142126838E-05   -0.155534522533416748E+02    0.523489773273468018E+01
    0.199999999999999917E-02   -0.139059035050429414-308   -0.159587097167968750E+01    0.181732679972979582E-04   -0.159845454692840576E+02    0.233852255344390869E+01
    0.199999999999999917E-02   -0.139059035050429414-308   -0.368652153015136719E+01    0.102312670045965712E-03   -0.844648671150207520E+01    0.306294786930084229E+01
    0.199999999999999917E-02   -0.139059035050429414-308   -0.665602207183837891E+00    0.407418424181758068E-01   -0.100531234741210938E+02    0.279811656475067139E+01
    0.199999999999999917E-02   -0.139059035050429414-308    0.359480333328247070E+01    0.757220968114642994E-03   -0.114492182731628418E+02    0.128419446945190430E+01
    0.199999999999999917E-02   -0.139059035050429414-308    0.345524740219116211E+01    0.624459235701512284E+03   -0.152246005535125732E+02    0.436864900588989258E+01
    0.199999999999999917E-02   -0.139059035050429414-308   -0.110953521728515625E+01    0.210905824411329595E+05   -0.141878130435943604E+02    0.521049249172210693E+01
    0.199999999999999917E-02   -0.139059035050429414-308   -0.138171195983886719E+01    0.126413659706038161E+06   -0.147373776435852051E+02    0.524104428291320801E+01
    0.199999999999999917E-02   -0.139059035050429414-308   -0.317857027053833008E+01    0.477664979432495194E+06   -0.413189101219177246E+01    0.468830752372741699E+01
    0.199999999999999917E-02   -0.139059035050429414-308   -0.310883522033691406E+00    0.175700657989966813E+01   -0.154219353199005127E+02    0.380480039119720459E+01
    0.199999999999999917E-02   -0.139059035050429414-308   -0.198813915252685547E+00    0.490344661611511334E+01   -0.596671867370605469E+01    0.324539065361022949E+01
    0.199999999999999917E-02   -0.139059035050429414-308   -0.100793504714965820E+01    0.227570510613058302E+00   -0.126398751735687256E+02    0.338233995437622070E+01
    0.199999999999999917E-02   -0.139059035050429414-308   -0.213143587112426758E+01    0.599700693746310520E+00   -0.725448155403137207E+01    0.617155551910400391E+00
    0.199999999999999917E-02   -0.139059035050429414-308   -0.307190704345703125E+01    0.515775556479259511E+06   -0.694418072700500488E+01    0.548175036907196045E+01
    0.199999999999999917E-02   -0.139059035050429414-308    0.624681472778320312E+00    0.109534582714208265E-04   -0.573875236511230469E+01    0.317884826660156250E+01
    0.199999999999999917E-02   -0.139059035050429414-308   -0.394402122497558594E+01    0.379169452612992609E+05   -0.156792428493499756E+02    0.330293405055999756E+01
    0.199999999999999917E-02   -0.139059035050429414-308   -0.191648864746093750E+01    0.708398158988176284E-02   -0.149247009754180908E+02    0.186787211894989014E+01
    0.199999999999999917E-02   -0.139059035050429414-308   -0.135958623886108398E+01    0.354763683552118152E-04   -0.558026099205017090E+01    0.114310920238494873E+01
    0.199999999999999917E-02   -0.139059035050429414-308   -0.663742542266845703E+00    0.515707604959834086E-03   -0.155277717113494873E+02    0.348095619678497314E+01
    0.199999999999999917E-02   -0.139059035050429414-308   -0.151493978500366211E+01    0.746039335141225934E+03   -0.112987191677093506E+02    0.515397834777832031E+01
    0.199999999999999917E-02   -0.139059035050429414-308   -0.627608299255371094E+00    0.728064310499335115E+05   -0.426312828063964844E+01    0.207892513275146484E+01
    0.199999999999999917E-02   -0.139059035050429414-308   -0.489284038543701172E+00    0.721374413424911623E-04   -0.717894840240478516E+01    0.213488852977752686E+01
    0.199999999999999917E-02   -0.139059035050429414-308    0.127810525894165039E+01    0.212393297754500873E-05   -0.943143534660339355E+01    0.486620092391967773E+01
    0.199999999999999917E-02   -0.139059035050429414-308   -0.358658838272094727E+01    0.279622622019593426E-03   -0.114480001926422119E+02    0.326237654685974121E+01
    0.199999999999999917E-02   -0.139059035050429414-308    0.255984258651733398E+01    0.127692014971247811E+02   -0.752451848983764648E+01    0.517188191413879395E+00
    0.199999999999999917E-02   -0.139059035050429414-308   -0.359034967422485352E+01    0.100183032226798154E+06   -0.853951644897460938E+01    0.435455095767974854E+01
    0.199999999999999917E-02   -0.139059035050429414-308    0.113630294799804688E+00    0.525103753773450699E-01   -0.602673864364624023E+01    0.561362385749816895E+00
    0.199999999999999917E-02   -0.139059035050429414-308   -0.343813991546630859E+01    0.267677769459650108E+03   -0.123656818866729736E+02    0.242880320549011230E+01
    0.199999999999999917E-02   -0.139059035050429414-308    0.577517032623291016E+00    0.243454533253864181E+06   -0.654464817047119141E+01    0.559424328804016113E+01
    0.199999999999999917E-02   -0.139059035050429414-308    0.125848674774169922E+01    0.739243927143971860E+03   -0.736413097381591797E+01    0.497361838817596436E+01
    0.199999999999999917E-02   -0.139059035050429414-308    0.389593648910522461E+01    0.186088732378103919E+04   -0.832292771339416504E+01    0.227857732772827148E+01
    0.199999999999999917E-02   -0.139059035050429414-308   -0.238924026489257812E-01    0.114205694565951068E-03   -0.488039612770080566E+01    0.494673371315002441E+00
    0.199999999999999917E-02   -0.139059035050429414-308    0.754737377166748047E+00    0.110140279112042544E-05   -0.106973221302032471E+02    0.210326707363128662E+01
    0.199999999999999917E-02   -0.139059035050429414-308    0.227746486663818359E+01    0.293735894022111199E+06   -0.112675340175628662E+02    0.190386414527893066E+00
    0.199999999999999917E-02   -0.139059035050429414-308    0.258243322372436523E+01    0.953423726575966350E-02   -0.158930034637451172E+02    0.166876423358917236E+01
    0.199999999999999917E-02   -0.139059035050429414-308   -0.250640010833740234E+01    0.982760323648685596E+00   -0.875144314765930176E+01    0.785464882850646973E+00
    0.199999999999999917E-02   -0.139059035050429414-308    0.178573942184448242E+01    0.152371341021613148E+03   -0.411264848709106445E+01    0.595288109779357910E+01
    0.199999999999999917E-02   -0.139059035050429414-308    0.477703094482421875E+00    0.446616014647468335E-02   -0.104639992713928223E+02    0.433758544921875000E+01
    0.199999999999999917E-02   -0.139059035050429414-308   -0.160921049118041992E+01    0.137351936667628842E-02   -0.928934550285339355E+01    0.220506906509399414E+01
    0.199999999999999917E-02   -0.139059035050429414-308   -0.248689842224121094E+01    0.115802093724236937E-05   -0.119398522377014160E+02    0.184617733955383301E+01
    0.199999999999999917E-02   -0.139059035050429414-308   -0.134345054626464844E+01    0.685906766364437644E+06   -0.512623023986816406E+01    0.351003849506378174E+01
    0.199999999999999917E-02   -0.139059035050429414-308    0.119780349731445312E+01    0.193515389093158291E+03   -0.132990734577178955E+02    0.350230765342712402E+01
    0.199999999999999917E-02   -0.139059035050429414-308    0.138142204284667969E+01    0.591862535087419150E+01   -0.784940338134765625E+01    0.511292445659637451E+01
    0.199999999999999917E-02   -0.139059035050429414-308    0.112684392929077148E+01    0.106627031155439996E+06   -0.989579010009765625E+01    0.551877450942993164E+01
    0.199999999999999917E-02   -0.139059035050429414-308    0.313473129272460938E+01    0.660461617441411488E-02   -0.759393262863159180E+01    0.326997256278991699E+01
    0.199999999999999917E-02   -0.139059035050429414-308   -0.125576639175415039E+01    0.773718435308086514E-02   -0.130220849514007568E+02    0.501804471015930176E+00
    0.199999999999999917E-02   -0.139059035050429414-308   -0.427959442138671875E+00    0.370876745084802195E+02   -0.990235686302185059E+01    0.116496884822845459E+01
    0.199999999999999917E-02   -0.139059035050429414-308   -0.334339284896850586E+01    0.307545288816025946E+06   -0.129950990676879883E+02    0.579759407043457031E+01
    0.199999999999999917E-02   -0.139059035050429414-308    0.159615850448608398E+01    0.779069229736754909E-01   -0.157813363075256348E+02    0.192260384559631348E+00
    0.199999999999999917E-02   -0.139059035050429414-308    0.231688880920410156E+01    0.567020719130727530E-04   -0.912470650672912598E+01    0.156293392181396484E+01
    0.199999999999999917E-02   -0.139059035050429414-308   -0.195686101913452148E+01    0.857696024152794917E-01   -0.142578423023223877E+02    0.198097622394561768E+01
    0.199999999999999917E-02   -0.139059035050429414-308   -0.256247329711914062E+01    0.770441611267699045E+04   -0.116087553501129150E+02    0.307685172557830811E+01
    0.199999999999999917E-02   -0.139059035050429414-308   -0.201422405242919922E+01    0.627457471802630826E+05   -0.767477297782897949E+01    0.266857624053955078E+00
    0.199999999999999917E-02   -0.139059035050429414-308    0.380422687530517578E+01    0.201361103292959365E-01   -0.149875998497009277E+02    0.291211903095245361E+01
    0.199999999999999917E-02   -0.139059035050429414-308   -0.273291921615600586E+01    0.827241099110356121E-01   -0.960707998275756836E+01    0.390097761154174805E+01
    0.199999999999999917E-02   -0.139059035050429414-308   -0.611066341400146484E+00    0.204282521030128039E-04   -0.837555623054504395E+01    0.558293688297271729E+01
    0.199999999999999917E-02   -0.139059035050429414-308   -0.256697845458984375E+01    0.929054479317323600E-01   -0.108553400039672852E+02    0.478785037994384766E-01
    0.199999999999999917E-02   -0.139059035050429414-308   -0.234894704818725586E+01    0.117552383053082573E-01   -0.113185203075408936E+02    0.261089551448822021E+01
    0.199999999999999917E-02   -0.139059035050429414-308   -0.127557754516601562E+00    0.687854776686564037E+03   -0.105493071079254150E+02    0.130665636062622070E+01
    0.199999999999999917E-02   -0.139059035050429414-308   -0.114315509796142578E+00    0.102767906516891626E-05   -0.550825691223144531E+01    0.401001584529876709E+01
    0.199999999999999917E-02   -0.139059035050429414-308    0.384624767303466797E+01    0.336422683805918509E-02   -0.468706035614013672E+01    0.260720586776733398E+01
    0.199999999999999917E-02   -0.139059035050429414-308   -0.291774654388427734E+01    0.544937533428904350E-03   -0.454688811302185059E+01    0.107606399059295654E+01
    0.199999999999999917E-02   -0.139059035050429414-308   -0.199902772903442383E+01    0.204591606986251584E+02   -0.133203244209289551E+02    0.212859427928924561E+01
    0.199999999999999917E-02   -0.139059035050429414-308    0.438600540161132812E+00    0.513772771106775437E-05   -0.117527992725372314E+02    0.301920461654663086E+01
    0.199999999999999917E-02   -0.139059035050429414-308   -0.368307256698608398E+01    0.181551193918012615E-02   -0.576673030853271484E+01    0.332209682464599609E+01
    0.199999999999999917E-02   -0.139059035050429414-308   -0.348505163192749023E+01    0.439567321304857039E-01   -0.130141849517822266E+02    0.126524448394775391E+00
    0.199999999999999917E-02   -0.139059035050429414-308   -0.313252449035644531E+00    0.305887414940165763E+06   -0.463161516189575195E+01    0.273589217662811279E+01
    0.199999999999999917E-02   -0.139059035050429414-308    0.217268085479736328E+01    0.961664103159204501E+03   -0.156120910644531250E+02    0.522920680046081543E+01
    0.199999999999999917E-02   -0.139059035050429414-308   -0.229120349884033203E+01    0.897850760757686744E-02   -0.147882359027862549E+02    0.343847358226776123E+01
    0.199999999999999917E-02   -0.139059035050429414-308    0.318026876449584961E+01    0.258606324061032400E+00   -0.135467021465301514E+02    0.517222988605499268E+01
    0.199999999999999917E-02   -0.139059035050429414-308    0.130362033843994141E+00    0.149782657138300174E-02   -0.105520000457763672E+02    0.417524385452270508E+01
    0.199999999999999917E-02   -0.139059035050429414-308   -0.178932952880859375E+01    0.110933151201713653E+00   -0.696999073028564453E+01    0.545497369766235352E+01
    0.199999999999999917E-02   -0.139059035050429414-308    0.179948520660400391E+01    0.343629447620894743E-01   -0.772461771965026855E+01    0.279072296619415283E+01
    0.199999999999999917E-02   -0.139059035050429414-308    0.521309375762939453E+00    0.165709253816404608E-02   -0.131018066406250000E+02    0.788276910781860352E+00
    0.199999999999999917E-02   -0.139059035050429414-308   -0.279090118408203125E+01    0.891697858919223259E-04   -0.733819723129272461E+01    0.495726943016052246E+00
    0.199999999999999917E-02   -0.139059035050429414-308    0.886793136596679688E+00    0.162962392785145624E+02   -0.126933341026306152E+02    0.463053953647613525E+01
    0.199999999999999917E-02   -0.139059035050429414-308   -0.237699747085571289E+01    0.426069183106056226E-05   -0.453319025039672852E+01    0.202507209777832031E+01
    0.199999999999999917E-02   -0.139059035050429414-308    0.286345100402832031E+01    0.111979997467888898E+06   -0.647934103012084961E+01    0.525184857845306396E+01
    0.199999999999999917E-02   -0.139059035050429414-308    0.267825126647949219E+01    0.521763560813123459E-02   -0.722936320304870605E+01    0.300853586196899414E+01
    0.199999999999999917E-02   -0.139059035050429414-308    0.392550420761108398E+01    0.477510289921775595E+02   -0.116515548229217529E+02    0.313337588310241699E+01
    0.199999999999999917E-02   -0.139059035050429414-308    0.306127166748046875E+01    0.182426086183244979E+04   -0.137175281047821045E+02    0.294554936885833740E+01
    0.199999999999999917E-02   -0.139059035050429414-308   -0.216701030731201172E+01    0.253855068100327162E+04   -0.120356543064117432E+02    0.543814015388488770E+01
    0.199999999999999917E-02   -0.139059035050429414-308    0.251973533630371094E+01    0.401955478042576204E-02   -0.159712431430816650E+02    0.884934425354003906E+00
    0.199999999999999917E-02   -0.139059035050429414-308   -0.229720592498779297E+00    0.101552862873871760E+03   -0.117829244136810303E+02    0.636437058448791504E+00
    0.199999999999999917E-02   -0.139059035050429414-308   -0.353886604309082031E+01    0.552605483042354143E-01   -0.777974963188171387E+01    0.325550687313079834E+01
    0.199999999999999917E-02   -0.139059035050429414-308   -0.333586120605468750E+01    0.431465058687003875E+03   -0.646874308586120605E+01    0.116194260120391846E+01
    0.199999999999999917E-02   -0.139059035050429414-308   -0.308029079437255859E+01    0.154887294168231250E+03   -0.427414321899414062E+01    0.412324368953704834E+01
    0.199999999999999917E-02   -0.139059035050429414-308   -0.863718986511230469E-01    0.749491698050748738E+02   -0.156117098331451416E+02    0.779814720153808594E-01
    0.199999999999999917E-02   -0.139059035050429414-308   -0.465883255004882812E+00    0.772321827864008209E-05   -0.144770281314849854E+02    0.100155651569366455E+01
    0.199999999999999917E-02   -0.139059035050429414-308   -0.121212863922119141E+01    0.844199338133275745E+01   -0.136167435646057129E+02    0.441581690311431885E+01
    0.199999999999999917E-02   -0.139059035050429414-308   -0.219688749313354492E+01    0.357451932595345570E-03   -0.121588799953460693E+02    0.320633375644683838E+01
    0.199999999999999917E-02   -0.139059035050429414-308   -0.204732799530029297E+01    0.202067271567753068E+03   -0.151530199050903320E+02    0.374032831192016602E+01
    0.199999999999999917E-02   -0.139059035050429414-308    0.207882881164550781E+00    0.296877859646444663E-01   -0.112866699695587158E+02    0.427958214282989502E+01
    0.199999999999999917E-02   -0.139059035050429414-308    0.927607059478759766E+00    0.188134800489752997E+05   -0.675276684761047363E+01    0.326391470432281494E+01
    0.199999999999999917E-02   -0.139059035050429414-308   -0.336983585357666016E+01    0.164227452788401535E-02   -0.148597135543823242E+02    0.181345975399017334E+01
    0.199999999999999917E-02   -0.139059035050429414-308   -0.204809188842773438E+01    0.554909809993010650E+00   -0.149437503814697266E+02    0.530326795578002930E+01
    0.199999999999999917E-02   -0.139059035050429414-308    0.365135765075683594E+01    0.394370002725123049E+04   -0.732094025611877441E+01    0.519751954078674316E+01
    0.199999999999999917E-02   -0.139059035050429414-308   -0.253294849395751953E+01    0.497969429949453168E+01   -0.986474227905273438E+01    0.126585137844085693E+01
    0.199999999999999917E-02   -0.139059035050429414-308   -0.315576219558715820E+01    0.127412830949478190E-04   -0.108680329322814941E+02    0.406257355213165283E+01
    0.199999999999999917E-02   -0.139059035050429414-308   -0.333372306823730469E+01    0.197973806182888956E-01   -0.827681875228881836E+01    0.419266819953918457E+01
    0.199999999999999917E-02   -0.139059035050429414-308    0.668306350708007812E-01    0.826604642531543310E+00   -0.154263219833374023E+02    0.995367407798767090E+00
    0.199999999999999917E-02   -0.139059035050429414-308    0.247332763671875000E+01    0.395891901889984874E+05   -0.594327902793884277E+01    0.318499052524566650E+01
    0.199999999999999917E-02   -0.139059035050429414-308   -0.127061891555786133E+01    0.462523405541664055E-03   -0.155698280334472656E+02    0.445612549781799316E+01
    0.199999999999999917E-02   -0.139059035050429414-308   -0.372830104827880859E+01    0.283525194889109132E-05   -0.149017527103424072E+02    0.557479798793792725E+01
    0.199999999999999917E-02   -0.139059035050429414-308   -0.161546373367309570E+01    0.320816414198812523E-05   -0.105313677787780762E+02    0.336878478527069092E+01
    0.199999999999999917E-02   -0.139059035050429414-308   -0.312543964385986328E+01    0.691011330350222299E+06   -0.114727623462677002E+02    0.205543041229248047E+00
    0.199999999999999917E-02   -0.139059035050429414-308   -0.396029806137084961E+01    0.504680494064247198E+00   -0.916353416442871094E+01    0.621288299560546875E+00
    0.199999999999999917E-02   -0.139059035050429414-308    0.839256763458251953E+00    0.555861082109016948E+06   -0.827384400367736816E+01    0.477233219146728516E+01
    0.199999999999999917E-02   -0.139059035050429414-308   -0.106607103347778320E+01    0.379849900236782385E+06   -0.132880692481994629E+02    0.414559042453765869E+01
    0.199999999999999917E-02   -0.139059035050429414-308   -0.271144866943359375E+01    0.149129635791614179E+01   -0.103995132446289062E+02    0.118120265007019043E+01
    0.199999999999999917E-02   -0.139059035050429414-308   -0.182290363311767578E+01    0.118040105940803514E+05   -0.157862186431884766E+02    0.220224380493164062E+00
    0.199999999999999917E-02   -0.139059035050429414-308   -0.969885826110839844E+00    0.140806747392995205E-01   -0.155827062129974365E+02    0.517264151573181152E+01
    0.199999999999999917E-02   -0.139059035050429414-308   -0.125567054748535156E+01    0.203841587668514185E+05   -0.644126081466674805E+01    0.574008929729461670E+01
    0.199999999999999917E-02   -0.139059035050429414-308    0.151657247543334961E+01    0.225985677556291512E+04   -0.110458712577819824E+02    0.378884696960449219E+01
    0.199999999999999917E-02   -0.139059035050429414-308    0.886036872863769531E+00    0.106763976208697891E+02   -0.107083048820495605E+02    0.316412544250488281E+01
    0.199999999999999917E-02   -0.139059035050429414-308   -0.268147277832031250E+01    0.896643472153952280E+04   -0.831782579421997070E+01    0.405563449859619141E+01
    0.199999999999999917E-02   -0.139059035050429414-308   -0.904743671417236328E+00    0.123771351836931230E-03   -0.145494542121887207E+02    0.456494307518005371E+01
    0.199999999999999917E-02   -0.139059035050429414-308   -0.750619888305664062E+00    0.346310124891506099E-02   -0.116565880775451660E+02    0.269186568260192871E+01
    0.199999999999999917E-02   -0.139059035050429414-308    0.447134017944335938E+00    0.456746889191169236E+00   -0.105982871055603027E+02    0.300158250331878662E+01
    0.199999999999999917E-02   -0.139059035050429414-308   -0.160604143142700195E+01    0.182791993232129177E-01   -0.494966220855712891E+01    0.209495437145233154E+01
    0.199999999999999917E-02   -0.139059035050429414-308    0.304327487945556641E+01    0.137721910414568993E+06   -0.125398666858673096E+02    0.180386710166931152E+01
    0.199999999999999917E-02   -0.139059035050429414-308    0.745141506195068359E+00    0.401205916313408864E+02   -0.849556970596313477E+01    0.572305798530578613E+01
    0.199999999999999917E-02   -0.139059035050429414-308   -0.329596471786499023E+01    0.326695019209923831E+00   -0.151284308433532715E+02    0.534308266639709473E+01
    0.199999999999999917E-02   -0.139059035050429414-308   -0.134576797485351562E+00    0.314527059164582738E+03   -0.132948205471038818E+02    0.419231128692626953E+01
    0.199999999999999917E-02   -0.139059035050429414-308   -0.255033731460571289E+01    0.680122655966437605E+03   -0.867470049858093262E+01    0.360084486007690430E+01
    0.199999999999999917E-02   -0.139059035050429414-308   -0.893021583557128906E+00    0.128926308818613088E+05   -0.980732655525207520E+01    0.525535368919372559E+01
    0.199999999999999917E-02   -0.139059035050429414-308    0.312337398529052734E+01    0.395351321084864378E-05   -0.965386557579040527E+01    0.354737269878387451E+01
    0.199999999999999917E-02   -0.139059035050429414-308    0.300472640991210938E+01    0.775195442948781965E+04   -0.673823428153991699E+01    0.498724365234375000E+01
    0.199999999999999917E-02   -0.139059035050429414-308   -0.369541120529174805E+01    0.963573948638406404E-02   -0.981404781341552734E+01    0.395654511451721191E+01
    0.199999999999999917E-02   -0.139059035050429414-308    0.350817203521728516E+00    0.116228752812767518E-02   -0.105821001529693604E+02    0.539898705482482910E+01
    0.199999999999999917E-02   -0.139059035050429414-308   -0.249296760559082031E+01    0.594124717358513799E+00   -0.443404865264892578E+01    0.587753856182098389E+01
    0.199999999999999917E-02   -0.139059035050429414-308   -0.283254528045654297E+01    0.134996483680039026E+01   -0.539167523384094238E+01    0.529909586906433105E+01
    0.199999999999999917E-02   -0.139059035050429414-308    0.283600330352783203E+01    0.623967147282993781E-01   -0.147905840873718262E+02    0.306586253643035889E+01
    0.199999999999999917E-02   -0.139059035050429414-308    0.138843107223510742E+01    0.549935633501856955E+04   -0.600597405433654785E+01    0.486767292022705078E-02
    0.199999999999999917E-02   -0.139059035050429414-308    0.182936525344848633E+01    0.886601364722432368E-03   -0.531699252128601074E+01    0.172454702854156494E+01
    0.199999999999999917E-02   -0.139059035050429414-308    0.142482900619506836E+01    0.201566707683698861E-03   -0.120003464221954346E+02    0.203020262718200684E+01
    0.199999999999999917E-02   -0.139059035050429414-308   -0.329231595993041992E+01    0.668560134033432587E+04   -0.996573424339294434E+01    0.871170401573181152E+00
    0.199999999999999917E-02   -0.139059035050429414-308   -0.256199264526367188E+01    0.650664146317145309E+00   -0.782828617095947266E+01    0.173904454708099365E+01
    0.199999999999999917E-02   -0.139059035050429414-308   -0.487443447113037109E+00    0.107750359513051723E+02   -0.126932582855224609E+02    0.359388220310211182E+01
    0.199999999999999917E-02   -0.139059035050429414-308   -0.335901260375976562E+01    0.122945629973150699E-05   -0.131602029800415039E+02    0.869425535202026367E+00
    0.199999999999999917E-02   -0.139059035050429414-308   -0.279961395263671875E+01    0.141636835233796138E-01   -0.453455638885498047E+01    0.423538148403167725E+01
    0.199999999999999917E-02   -0.139059035050429414-308   -0.543432712554931641E+00    0.283734776400146813E-01   -0.109354393482208252E+02    0.130849599838256836E+00
    0.199999999999999917E-02   -0.139059035050429414-308   -0.360081195831298828E+00    0.307138663285840734E-02   -0.574742555618286133E+01    0.489578711986541748E+01
    0.199999999999999917E-02   -0.139059035050429414-308   -0.364056968688964844E+01    0.819540019290777855E+05   -0.148922090530395508E+02    0.367939281463623047E+01
    0.199999999999999917E-02   -0.139059035050429414-308    0.134251356124877930E+01    0.728534500128819054E+05   -0.121477255821228027E+02    0.144139623641967773E+01
    0.199999999999999917E-02   -0.139059035050429414-308    0.109923505783081055E+01    0.165560764886904348E-01   -0.105230679512023926E+02    0.543756794929504395E+01
    0.199999999999999917E-02   -0.139059035050429414-308    0.376712036132812500E+01    0.880372816103369288E-01   -0.511397147178649902E+01    0.527110862731933594E+01
    0.199999999999999917E-02   -0.139059035050429414-308   -0.613171577453613281E+00    0.782158146159398835E+06   -0.129393827915191650E+02    0.307042729854583740E+01
    0.199999999999999917E-02   -0.139059035050429414-308    0.845370292663574219E-01    0.213673320706676356E+00   -0.711204123497009277E+01    0.402278780937194824E+01
    0.199999999999999917E-02   -0.139059035050429414-308    0.140743541717529297E+01    0.214112599087622690E-03   -0.598725152015686035E+01    0.338253378868103027E+00
    0.199999999999999917E-02   -0.139059035050429414-308   -0.314382076263427734E+00    0.953670807949058896E+00   -0.733866357803344727E+01    0.180512595176696777E+01
    0.199999999999999917E-02   -0.139059035050429414-308   -0.234547710418701172E+01    0.418169348068311422E+03   -0.710405039787292480E+01    0.724514722824096680E+00
    0.199999999999999917E-02   -0.139059035050429414-308   -0.204328536987304688E+00    0.990177911306164425E-05   -0.111488323211669922E+02    0.258425939083099365E+01
    0.199999999999999917E-02   -0.139059035050429414-308    0.486087799072265625E-02    0.213386006404248652E+00   -0.147729458808898926E+02    0.273021161556243896E+01
    0.199999999999999917E-02   -0.139059035050429414-308    0.319934940338134766E+01    0.913808609754568302E+01   -0.146549930572509766E+02    0.131033027172088623E+01
    0.199999999999999917E-02   -0.139059035050429414-308    0.265882539749145508E+01    0.833901361974243191E+05   -0.596200227737426758E+01    0.282603192329406738E+01
    0.199999999999999917E-02   -0.139059035050429414-308    0.342127180099487305E+01    0.189045777849585726E-01   -0.908957815170288086E+01    0.338875329494476318E+01
    0.199999999999999917E-02   -0.139059035050429414-308   -0.222672367095947266E+01    0.104725727674489081E+05   -0.149330308437347412E+02    0.450843930244445801E+01
    0.199999999999999917E-02   -0.139059035050429414-308   -0.279587745666503906E+01    0.145671043709824997E+06   -0.143908791542053223E+02    0.243783867359161377E+01
    0.199999999999999917E-02   -0.139059035050429414-308   -0.385934162139892578E+01    0.317982878275548224E+06   -0.900480818748474121E+01    0.484641945362091064E+01
    0.199999999999999917E-02   -0.139059035050429414-308   -0.341152429580688477E+01    0.130064242254281111E+06   -0.100503611564636230E+02    0.756317496299743652E+00
    0.199999999999999917E-02   -0.139059035050429414-308   -0.837098598480224609E+00    0.623802062482655401E+04   -0.116043171882629395E+02    0.282513177394866943E+01
    0.199999999999999917E-02   -0.139059035050429414-308   -0.127507448196411133E+01    0.103354680479210148E+01   -0.909088420867919922E+01    0.426619040966033936E+01
    0.199999999999999917E-02   -0.139059035050429414-308    0.169068050384521484E+01    0.261188923710576536E-05   -0.808710932731628418E+01    0.179575431346893311E+01
    0.199999999999999917E-02   -0.139059035050429414-308    0.263659477233886719E+01    0.102701186365760059E+05   -0.469231033325195312E+01    0.868739247322082520E+00
    0.199999999999999917E-02   -0.139059035050429414-308   -0.302629756927490234E+01    0.584837224624694230E+02   -0.914975261688232422E+01    0.970516204833984375E-01
    0.199999999999999917E-02   -0.139059035050429414-308   -0.339245986938476562E+01    0.623713715536765623E+01   -0.494004702568054199E+01    0.272371459007263184E+01
    0.199999999999999917E-02   -0.139059035050429414-308   -0.367894744873046875E+01    0.233688233973285343E-04   -0.992644453048706055E+01    0.293873798847198486E+01
    0.199999999999999917E-02   -0.139059035050429414-308   -0.191278600692749023E+01    0.117686883840954915E+01   -0.816276478767395020E+01    0.599331593513488770E+01
    0.199999999999999917E-02   -0.139059035050429414-308   -0.843849182128906250E+00    0.553814211049808655E+06   -0.127375712394714355E+02    0.335360527038574219E+01
    0.199999999999999917E-02   -0.139059035050429414-308    0.325419425964355469E+00    0.200146596532405454E-03   -0.151431894302368164E+02    0.855369687080383301E+00
    0.199999999999999917E-02   -0.139059035050429414-308   -0.321847629547119141E+01    0.151870107893398572E-04   -0.135883851051330566E+02    0.421956002712249756E+01
    0.199999999999999917E-02   -0.139059035050429414-308    0.374065828323364258E+01    0.510921285580239346E+05   -0.732941246032714844E+01    0.195288276672363281E+01
    0.199999999999999917E-02   -0.139059035050429414-308   -0.315404605865478516E+01    0.121963612092856710E+02   -0.447403717041015625E+01    0.411136293411254883E+01
    0.199999999999999917E-02   -0.139059035050429414-308   -0.438378810882568359E+00    0.895240706396893834E-03   -0.699403762817382812E+01    0.584151792526245117E+01
    0.199999999999999917E-02   -0.139059035050429414-308   -0.338530588150024414E+01    0.171482964049198163E+05   -0.129615278244018555E+02    0.218060874938964844E+01
    0.199999999999999917E-02   -0.139059035050429414-308    0.148664140701293945E+01    0.496471134288215353E+03   -0.105329899787902832E+02    0.403443682193756104E+01
    0.199999999999999917E-02   -0.139059035050429414-308   -0.150700807571411133E+01    0.202053960321968679E+00   -0.709299898147583008E+01    0.250868546962738037E+01
    0.199999999999999917E-02   -0.139059035050429414-308    0.806670665740966797E+00    0.174777404160812377E+01   -0.406589651107788086E+01    0.196495056152343750E+00
    0.199999999999999917E-02   -0.139059035050429414-308    0.843937873840332031E+00    0.443338238465437144E+03   -0.704522633552551270E+01    0.157699799537658691E+01
    0.199999999999999917E-02   -0.139059035050429414-308   -0.302125072479248047E+01    0.178194896530792289E+04   -0.127729892730712891E+02    0.521986842155456543E+01
    0.199999999999999917E-02   -0.139059035050429414-308   -0.649260520935058594E+00    0.104749244637511902E+04   -0.803778743743896484E+01    0.251887857913970947E+01
    0.199999999999999917E-02   -0.139059035050429414-308   -0.343485784530639648E+01    0.982000441159302980E-04   -0.112145900726318359E+02    0.593739974498748779E+01
    0.199999999999999917E-02   -0.139059035050429414-308   -0.190307044982910156E+01    0.520595632979866329E-03   -0.141705317497253418E+02    0.521021318435668945E+01
    0.199999999999999917E-02   -0.139059035050429414-308   -0.321095561981201172E+01    0.953879725407648760E+00   -0.132198052406311035E+02    0.589685475826263428E+01
    0.199999999999999917E-02   -0.139059035050429414-308    0.346326589584350586E+01    0.170136980657502640E-05   -0.131903152465820312E+02    0.134342443943023682E+01
    0.199999999999999917E-02   -0.139059035050429414-308   -0.114451694488525391E+01    0.100579417737653065E+01   -0.637177085876464844E+01    0.549855351448059082E+00
    0.199999999999999917E-02   -0.139059035050429414-308    0.245927381515502930E+01    0.196984981910538210E+03   -0.826933574676513672E+01    0.350789916515350342E+01
    0.199999999999999917E-02   -0.139059035050429414-308    0.392414999008178711E+01    0.257206474484707903E-04   -0.151589887142181396E+02    0.389621543884277344E+01
    0.199999999999999917E-02   -0.139059035050429414-308   -0.356956911087036133E+01    0.180779119102263154E+06   -0.110443849563598633E+02    0.144213151931762695E+01
    0.199999999999999917E-02   -0.139059035050429414-308   -0.239770460128784180E+01    0.610226396135996362E-05   -0.149995667934417725E+02    0.269847357273101807E+01
    0.199999999999999917E-02   -0.139059035050429414-308    0.314594745635986328E+01    0.906297664167268522E+02   -0.674802398681640625E+01    0.266329765319824219E+01
    0.199999999999999917E-02   -0.139059035050429414-308    0.300168752670288086E+01    0.293449322768410893E+05   -0.608631014823913574E+01    0.120641720294952393E+01
    0.199999999999999917E-02   -0.139059035050429414-308   -0.324160385131835938E+01    0.909491005678414600E+06   -0.154068334102630615E+02    0.245816266536712646E+01
    0.199999999999999917E-02   -0.139059035050429414-308   -0.209051609039306641E+01    0.333864360085055623E+01   -0.100922994613647461E+02    0.198401212692260742E-01
    0.199999999999999917E-02   -0.139059035050429414-308    0.223605680465698242E+01    0.502606823303184069E+00   -0.457969188690185547E+01    0.324324953556060791E+01
    0.199999999999999917E-02   -0.139059035050429414-308    0.137704706192016602E+01    0.694717628228100366E+06   -0.688991713523864746E+01    0.161853289604187012E+01
    0.199999999999999917E-02   -0.139059035050429414-308   -0.356348133087158203E+01    0.436036445723602956E+05   -0.153201215267181396E+02    0.119774329662322998E+01
    0.199999999999999917E-02   -0.139059035050429414-308    0.118606424331665039E+01    0.715186373818942229E+05   -0.755667638778686523E+01    0.542974877357482910E+01
    0.199999999999999917E-02   -0.139059035050429414-308    0.417274951934814453E+00    0.104170049909339966E+03   -0.556637001037597656E+01    0.548886251449584961E+01
    0.199999999999999917E-02   -0.139059035050429414-308    0.218242549896240234E+01    0.276215584498900151E-04   -0.114169731140136719E+02    0.355504560470581055E+01
    0.199999999999999917E-02   -0.139059035050429414-308   -0.280383491516113281E+01    0.164020851855845792E-01   -0.443447351455688477E+01    0.212438356876373291E+01
    0.199999999999999917E-02   -0.139059035050429414-308    0.922975540161132812E-01    0.721070730445289541E-02   -0.870591425895690918E+01    0.221769547462463379E+01
    0.199999999999999917E-02   -0.139059035050429414-308   -0.114006328582763672E+01    0.210480404606066678E+02   -0.983169603347778320E+01    0.541326034069061279E+01
    0.199999999999999917E-02   -0.139059035050429414-308    0.300218677520751953E+01    0.516577777310249046E-05   -0.141944663524627686E+02    0.716253519058227539E-01
    0.199999999999999917E-02   -0.139059035050429414-308    0.625097751617431641E+00    0.381160680169470743E+04   -0.130651998519897461E+02    0.443851947784423828E+01
    0.199999999999999917E-02   -0.139059035050429414-308   -0.381570768356323242E+01    0.150517181941469630E+03   -0.157214565277099609E+02    0.285823738574981689E+01
    0.199999999999999917E-02   -0.139059035050429414-308    0.169910812377929688E+01    0.337007177614402281E+04   -0.518171405792236328E+01    0.428095757961273193E+01
    0.199999999999999917E-02   -0.139059035050429414-308   -0.749829292297363281E+00    0.656565272992138782E-03   -0.129203963279724121E+02    0.582988893985748291E+01
    0.199999999999999917E-02   -0.139059035050429414-308    0.134357690811157227E+01    0.161136206882986399E+01   -0.142972385883331299E+02    0.225598990917205811E+01
    0.199999999999999917E-02   -0.139059035050429414-308    0.377934455871582031E+01    0.708781714005837365E-01   -0.632506251335144043E+01    0.166059350967407227E+01
    0.199999999999999917E-02   -0.139059035050429414-308    0.119629812240600586E+01    0.100910041177440435E+05   -0.150509450435638428E+02    0.996082305908203125E+00
    0.199999999999999917E-02   -0.139059035050429414-308   -0.520935058593750000E+00    0.771016623372327865E-02   -0.126760621070861816E+02    0.120911765098571777E+01
    0.199999999999999917E-02   -0.139059035050429414-308   -0.228153848648071289E+01    0.129213774538372084E+01   -0.115541484355926514E+02    0.466604518890380859E+01
    0.199999999999999917E-02   -0.139059035050429414-308    0.322328710556030273E+01    0.268847537831612541E-05   -0.123852076530456543E+02    0.426510393619537354E+01
    0.199999999999999917E-02   -0.139059035050429414-308   -0.239508724212646484E+01    0.235479319524198836E+05   -0.410612249374389648E+01    0.435879993438720703E+01
    0.199999999999999917E-02   -0.139059035050429414-308    0.226051139831542969E+01    0.534762980289494735E+06   -0.112259383201599121E+02    0.510819911956787109E+01
    0.199999999999999917E-02   -0.139059035050429414-308   -0.314777612686157227E+01    0.132528549991696923E+04   -0.722648072242736816E+01    0.202963471412658691E+01
    0.199999999999999917E-02   -0.139059035050429414-308    0.188587808609008789E+01    0.124301867503375685E+00   -0.130471253395080566E+02    0.230805087089538574E+01
    0.199999999999999917E-02   -0.139059035050429414-308   -0.197189521789550781E+01    0.228086186347109148E-04   -0.497055625915527344E+01    0.138401985168457031E+00
    0.199999999999999917E-02   -0.139059035050429414-308    0.181146192550659180E+01    0.350450330895110937E-05   -0.151271991729736328E+02    0.143055224418640137E+01
    0.199999999999999917E-02   -0.139059035050429414-308   -0.203941535949707031E+01    0.471988438125566678E+00   -0.959985661506652832E+01    0.515620744228363037E+01
    0.199999999999999917E-02   -0.139059035050429414-308   -0.610243320465087891E+00    0.275552062900033361E-03   -0.133957481384277344E+02    0.580855250358581543E+01
    0.199999999999999917E-02   -0.139059035050429414-308   -0.383351945877075195E+01    0.410937458013621821E+02   -0.105158174037933350E+02    0.190253591537475586E+01
    0.199999999999999917E-02   -0.139059035050429414-308    0.271983242034912109E+01    0.150415167511971226E-04   -0.124823064804077148E+02    0.217525720596313477E+00
    0.199999999999999917E-02   -0.139059035050429414-308   -0.225832748413085938E+01    0.512300325130012527E+06   -0.157610037326812744E+02    0.367560088634490967E+01
    0.199999999999999917E-02   -0.139059035050429414-308   -0.146166133880615234E+01    0.252600583285939928E+01   -0.533110451698303223E+01    0.185059511661529541E+01
    0.199999999999999917E-02   -0.139059035050429414-308   -0.310900831222534180E+01    0.173678227613876317E+03   -0.104319071769714355E+02    0.540136671066284180E+01
    0.199999999999999917E-02   -0.139059035050429414-308    0.264407157897949219E+01    0.475640945699829665E+01   -0.145344960689544678E+02    0.145402765274047852E+01
    0.199999999999999917E-02   -0.139059035050429414-308    0.398486137390136719E+00    0.612564484499479711E+01   -0.417235589027404785E+01    0.260265970230102539E+01
    0.199999999999999917E-02   -0.139059035050429414-308   -0.147067070007324219E+00    0.760984462580151160E+02   -0.159017539024353027E+02    0.982438445091247559E+00
    0.199999999999999917E-02   -0.139059035050429414-308    0.347555971145629883E+01    0.772157761737331327E+01   -0.997742938995361328E+01    0.210212874412536621E+01
    0.199999999999999917E-02   -0.139059035050429414-308    0.118000221252441406E+01    0.192072165033336140E-02   -0.760274028778076172E+01    0.393782150745391846E+01
    0.199999999999999917E-02   -0.139059035050429414-308   -0.390861558914184570E+01    0.616603410202880623E+06   -0.103596148490905762E+02    0.193649125099182129E+01
    0.199999999999999917E-02   -0.139059035050429414-308    0.131488037109375000E+01    0.140557058278842584E-05   -0.122092168331146240E+02    0.211494898796081543E+01
    0.199999999999999917E-02   -0.139059035050429414-308    0.155382108688354492E+01    0.440039341977117203E+03   -0.134245200157165527E+02    0.287708294391632080E+01
    0.199999999999999917E-02   -0.139059035050429414-308    0.253290557861328125E+01    0.217377320684078299E+02   -0.676930785179138184E+01    0.458794319629669189E+01
    0.199999999999999917E-02   -0.139059035050429414-308   -0.132046556472778320E+01    0.920194398522015233E+00   -0.678287482261657715E+01    0.215765261650085449E+01
    0.199999999999999917E-02   -0.139059035050429414-308    0.356721878051757812E+00    0.868240655023505537E-05   -0.990603613853454590E+01    0.165807938575744629E+01
    0.199999999999999917E-02   -0.139059035050429414-308    0.581888675689697266E+00    0.946958086732860693E+03   -0.674134492874145508E+01    0.543029630184173584E+01
    0.199999999999999917E-02   -0.139059035050429414-308   -0.218664216995239258E+01    0.200566984593571640E+00   -0.960098743438720703E+01    0.312714385986328125E+01
    0.199999999999999917E-02   -0.139059035050429414-308    0.296442794799804688E+01    0.527160549013974624E-03   -0.838778638839721680E+01    0.469857287406921387E+01
    0.199999999999999917E-02   -0.139059035050429414-308    0.127577304840087891E+00    0.216956473931693267E-05   -0.139013023376464844E+02    0.563369035720825195E+01
    0.199999999999999917E-02   -0.139059035050429414-308   -0.113968181610107422E+01    0.123166873541265109E-01   -0.115684750080108643E+02    0.593735039234161377E+01
    0.199999999999999917E-02   -0.139059035050429414-308    0.155073308944702148E+01    0.157070717714574415E+01   -0.996046996116638184E+01    0.129287409782409668E+01
    0.199999999999999917E-02   -0.139059035050429414-308   -0.408085346221923828E+00    0.125611816096804912E-01   -0.143623018264770508E+02    0.347201657295227051E+01
    0.199999999999999917E-02   -0.139059035050429414-308   -0.160069608688354492E+01    0.422863034781299971E-04   -0.140530059337615967E+02    0.275797569751739502E+01
    0.199999999999999917E-02   -0.139059035050429414-308   -0.146534347534179688E+01    0.225280374831793306E+01   -0.908807969093322754E+01    0.184995210170745850E+01
    0.199999999999999917E-02   -0.139059035050429414-308    0.289647483825683594E+01    0.171687936305578948E+01   -0.422486138343811035E+01    0.352971553802490234E+00
    0.199999999999999917E-02   -0.139059035050429414-308    0.232012605667114258E+01    0.871138243603167179E-05   -0.152365989685058594E+02    0.154851686954498291E+01
