

    0.199999999999999917E-02   -0.112221043139837390-315   -0.884574651718139648E-01    0.111692297358700570E-03   -0.738909721374511719E+01    0.100898084640502930E+02
    0.199999999999999917E-02   -0.112221043139837390-315    0.456904411315917969E+01    0.282080879859185389E-07   -0.645815658569335938E+01    0.139051485061645508E+02
    0.199999999999999917E-02   -0.112221043139837390-315    0.400325834751129150E+01    0.279490637187837279E-05    0.721886730194091797E+01    0.837724304199218750E+01
    0.199999999999999917E-02   -0.112221043139837390-315    0.926458835601806641E-01    0.564990132583366036E+08   -0.188233947753906250E+01    0.641550827026367188E+01
    0.199999999999999917E-02   -0.112221043139837390-315   -0.329172074794769287E+01    0.196582893414050545E+03   -0.389979457855224609E+01    0.133446340560913086E+02
    0.199999999999999917E-02   -0.112221043139837390-315    0.180040240287780762E+01    0.939070529955509454E+08   -0.771741580963134766E+01    0.987285804748535156E+01
    0.199999999999999917E-02   -0.112221043139837390-315   -0.445981025695800781E+00    0.528753493895404471E-03    0.120318698883056641E+01    0.101796455383300781E+02
    0.199999999999999917E-02   -0.112221043139837390-315   -0.221904635429382324E+01    0.696720495037537262E+03   -0.674338626861572266E+01    0.126169080734252930E+02
    0.199999999999999917E-02   -0.112221043139837390-315    0.248073399066925049E+01    0.313598610871461406E+07   -0.514075946807861328E+01    0.112273988723754883E+02
    0.199999999999999917E-02   -0.112221043139837390-315    0.756144523620605469E+00    0.161861884449292120E+04    0.486633300781250000E+01    0.148145294189453125E+01
    0.199999999999999917E-02   -0.139059828412980354-308    0.174171030521392822E+01    0.860302876125837986E-05   -0.443814849853515625E+01    0.885776615142822266E+01
    0.199999999999999917E-02   -0.139059828412980354-308    0.281807661056518555E+01    0.850650959442355720E-01   -0.444631576538085938E+01    0.116469869613647461E+02
    0.199999999999999917E-02   -0.139059828412980354-308   -0.401467144489288330E+01    0.542722882207124258E+01   -0.116047573089599609E+01    0.144719057083129883E+02
    0.199999999999999917E-02   -0.139059828412980354-308    0.206396698951721191E+01    0.371983145083267397E+01    0.344445133209228516E+01    0.153422937393188477E+02
    0.199999999999999917E-02   -0.139059828412980354-308    0.409720897674560547E+01    0.724254058947013784E+07    0.441816425323486328E+01    0.238267421722412109E+01
    0.199999999999999917E-02   -0.139059828412980354-308    0.286790311336517334E+01    0.210352414871850885E+00   -0.499969387054443359E+01    0.156271009445190430E+02
    0.199999999999999917E-02   -0.139059828412980354-308   -0.391137003898620605E+00    0.130505327995470877E-07   -0.363487052917480469E+01    0.399132347106933594E+01
    0.199999999999999917E-02   -0.139059828412980354-308   -0.453643620014190674E+01    0.160194653677373358E-05   -0.674330329895019531E+01    0.144214296340942383E+02
    0.199999999999999917E-02   -0.139059828412980354-308   -0.209075629711151123E+01    0.880574377878442539E-02   -0.344657707214355469E+01    0.725314140319824219E+01
    0.199999999999999917E-02   -0.139059828412980354-308   -0.420318007469177246E+01    0.161603334381600302E-02   -0.548292922973632812E+01    0.713930606842041016E+01
    0.199999999999999917E-02   -0.139059828412980354-308   -0.419465482234954834E+01    0.259074963449948322E+06    0.339555644989013672E+01    0.156626253128051758E+02
    0.199999999999999917E-02   -0.139059828412980354-308   -0.145202636718750000E+01    0.339067243222181119E-05   -0.724203300476074219E+01    0.478342437744140625E+01
    0.199999999999999917E-02   -0.139059828412980354-308   -0.383784174919128418E+01    0.520884653039665520E+07    0.204971790313720703E+01    0.713536262512207031E+00
    0.199999999999999917E-02   -0.139059828412980354-308    0.536024570465087891E+00    0.545104489887908244E+03   -0.464631080627441406E+01    0.102622137069702148E+02
    0.199999999999999917E-02   -0.139059828412980354-308   -0.900626778602600098E+00    0.201833232495270910E-06   -0.642193984985351562E+01    0.905595493316650391E+01
    0.199999999999999917E-02   -0.139059828412980354-308    0.138025104999542236E+01    0.105096517525613380E-01   -0.353635311126708984E+01    0.102942514419555664E+02
    0.199999999999999917E-02   -0.139059828412980354-308   -0.450465440750122070E+01    0.437532466137332551E+06   -0.459330558776855469E+01    0.187347507476806641E+01
    0.199999999999999917E-02   -0.139059828412980354-308    0.476991176605224609E+01    0.208538483318680455E-04   -0.543637180328369141E+01    0.800754356384277344E+01
    0.199999999999999917E-02   -0.139059828412980354-308    0.186430156230926514E+01    0.353912446150102232E+04    0.542602157592773438E+01    0.103105201721191406E+02
    0.199999999999999917E-02   -0.139059828412980354-308   -0.882742404937744141E+00    0.389745591829245882E+03    0.206265258789062500E+01    0.143294115066528320E+02
    0.199999999999999917E-02   -0.139059828412980354-308    0.199622690677642822E+01    0.147491494209427910E+06    0.669747924804687500E+01    0.111571865081787109E+02
    0.199999999999999917E-02   -0.139059828412980354-308    0.298097431659698486E+01    0.638167233403596867E+02   -0.620367050170898438E+01    0.710556507110595703E+01
    0.199999999999999917E-02   -0.139059828412980354-308   -0.321433484554290771E+01    0.613367386428518698E-05   -0.608955001831054688E+01    0.768274688720703125E+01
    0.199999999999999917E-02   -0.139059828412980354-308    0.492046058177947998E+01    0.994357105066738586E+04   -0.886801719665527344E+00    0.120031728744506836E+02
    0.199999999999999917E-02   -0.139059828412980354-308   -0.369536399841308594E+01    0.639544855509664088E-04   -0.379396343231201172E+01    0.954564094543457031E+00
    0.199999999999999917E-02   -0.139059828412980354-308    0.442714393138885498E+01    0.529746002267390844E-04   -0.491196155548095703E+01    0.149883861541748047E+02
    0.199999999999999917E-02   -0.139059828412980354-308    0.585942864418029785E+00    0.643524579918550007E+05   -0.128815841674804688E+01    0.461075592041015625E+01
    0.199999999999999917E-02   -0.139059828412980354-308   -0.838519930839538574E+00    0.307999623882830374E-06   -0.488329792022705078E+01    0.977797508239746094E+01
    0.199999999999999917E-02   -0.139059828412980354-308   -0.455700755119323730E+01    0.439327038997480018E-02    0.460424327850341797E+01    0.331578731536865234E+01
    0.199999999999999917E-02   -0.139059828412980354-308   -0.242480218410491943E+01    0.969058643326123274E+04    0.597627735137939453E+01    0.399799633026123047E+01
    0.199999999999999917E-02   -0.139059828412980354-308   -0.336544513702392578E+01    0.122857648539910741E+03    0.336530590057373047E+01    0.244762229919433594E+01
    0.199999999999999917E-02   -0.139059828412980354-308   -0.274921774864196777E+01    0.345645164466743445E-07    0.768503379821777344E+01    0.733536434173583984E+01
    0.199999999999999917E-02   -0.139059828412980354-308   -0.681338906288146973E+00    0.437824642185020414E-06   -0.704783821105957031E+01    0.107381753921508789E+02
    0.199999999999999917E-02   -0.139059828412980354-308   -0.681519508361816406E-02    0.658063529208345512E-03    0.680559730529785156E+01    0.701874446868896484E+01
    0.199999999999999917E-02   -0.139059828412980354-308   -0.599774122238159180E+00    0.288256918312390891E-06    0.488404273986816406E+01    0.947235298156738281E+01
    0.199999999999999917E-02   -0.139059828412980354-308   -0.537353754043579102E+00    0.392205327664299984E+06    0.164609050750732422E+01    0.156288204193115234E+02
    0.199999999999999917E-02   -0.139059828412980354-308   -0.231703937053680420E+01    0.182943783875151747E+07    0.681279563903808594E+01    0.126319532394409180E+02
    0.199999999999999917E-02   -0.139059828412980354-308   -0.257252335548400879E+01    0.299734699093306146E+06   -0.166445446014404297E+01    0.176281356811523438E+01
    0.199999999999999917E-02   -0.139059828412980354-308    0.121834456920623779E+01    0.117876530675614886E-06    0.306900215148925781E+01    0.157970790863037109E+02
    0.199999999999999917E-02   -0.139059828412980354-308   -0.317258238792419434E+00    0.161831675281397052E-06    0.200055789947509766E+01    0.115618638992309570E+02
    0.199999999999999917E-02   -0.139059828412980354-308   -0.434883475303649902E+01    0.542740759111606611E-07   -0.731727123260498047E+01    0.643670368194580078E+01
    0.199999999999999917E-02   -0.139059828412980354-308   -0.348924994468688965E+01    0.596495414014980990E-02    0.338044357299804688E+01    0.493912220001220703E+01
    0.199999999999999917E-02   -0.139059828412980354-308    0.918514132499694824E+00    0.189202138432127831E+05    0.499117183685302734E+01    0.149219932556152344E+02
    0.199999999999999917E-02   -0.139059828412980354-308   -0.926302075386047363E+00    0.374236261818504553E-04   -0.718056678771972656E+00    0.119954996109008789E+02
    0.199999999999999917E-02   -0.139059828412980354-308   -0.401296377182006836E+01    0.832482035221188236E+07   -0.542832088470458984E+01    0.866254425048828125E+01
    0.199999999999999917E-02   -0.139059828412980354-308    0.412676453590393066E+01    0.545860322824188843E+08   -0.565114593505859375E+01    0.143757057189941406E+01
    0.199999999999999917E-02   -0.139059828412980354-308   -0.336295962333679199E+01    0.328124678068866182E-05    0.215968132019042969E+01    0.100171518325805664E+02
    0.199999999999999917E-02   -0.139059828412980354-308   -0.352430999279022217E+01    0.699011513667517452E-02    0.628641891479492188E+01    0.134872674942016602E+02
    0.199999999999999917E-02   -0.139059828412980354-308    0.722926855087280273E-01    0.955780407690401226E+08   -0.479745483398437500E+01    0.109685802459716797E+01
    0.199999999999999917E-02   -0.139059828412980354-308    0.461946606636047363E+01    0.144796484732957365E+00   -0.247571659088134766E+01    0.248006820678710938E+01
    0.199999999999999917E-02   -0.139059828412980354-308    0.257591664791107178E+01    0.144603611004037957E+00   -0.785997486114501953E+01    0.169206619262695312E+01
    0.199999999999999917E-02   -0.139059828412980354-308   -0.190006971359252930E+01    0.194396170807435169E+02    0.795518302917480469E+01    0.100508117675781250E+01
    0.199999999999999917E-02   -0.139059828412980354-308    0.140782773494720459E+01    0.126092406767339475E+06   -0.365290260314941406E+01    0.124018039703369141E+02
    0.199999999999999917E-02   -0.139059828412980354-308   -0.229861557483673096E+01    0.326441518514071944E+02    0.401916503906250000E+01    0.111955862045288086E+02
    0.199999999999999917E-02   -0.139059828412980354-308    0.892702341079711914E+00    0.686044596945786153E-06    0.589399623870849609E+01    0.139727106094360352E+02
    0.199999999999999917E-02   -0.139059828412980354-308    0.281080543994903564E+01    0.247345962036417886E-04   -0.278692245483398438E-01    0.113646240234375000E+02
    0.199999999999999917E-02   -0.139059828412980354-308    0.194614708423614502E+01    0.436857555595865854E+01    0.620425796508789062E+01    0.491455173492431641E+01
    0.199999999999999917E-02   -0.139059828412980354-308    0.662368535995483398E-01    0.434163541176218162E-06    0.740661334991455078E+01    0.136451721191406250E+02
    0.199999999999999917E-02   -0.139059828412980354-308   -0.487358689308166504E+01    0.131156909853332709E-05    0.796344566345214844E+01    0.143067932128906250E+02
    0.199999999999999917E-02   -0.139059828412980354-308   -0.459825336933135986E+01    0.454378001831734262E+06   -0.484285640716552734E+01    0.845260620117187500E+01
    0.199999999999999917E-02   -0.139059828412980354-308   -0.207176685333251953E+01    0.396850644958453147E+01   -0.450073337554931641E+01    0.642632007598876953E+01
    0.199999999999999917E-02   -0.139059828412980354-308   -0.281843543052673340E+01    0.755386223009411710E-02    0.589688110351562500E+01    0.347592544555664062E+01
    0.199999999999999917E-02   -0.139059828412980354-308   -0.608436465263366699E+00    0.524766296948928956E+00    0.782366085052490234E+01    0.353347682952880859E+01
    0.199999999999999917E-02   -0.139059828412980354-308    0.467660367488861084E+01    0.111421605945883558E-07    0.644190025329589844E+01    0.558581829071044922E+01
    0.199999999999999917E-02   -0.139059828412980354-308    0.190897524356842041E+01    0.822471917834815325E+00   -0.663767051696777344E+01    0.323478221893310547E+01
    0.199999999999999917E-02   -0.139059828412980354-308    0.986372232437133789E+00    0.215281100654098785E-01   -0.548244571685791016E+01    0.992906475067138672E+01
    0.199999999999999917E-02   -0.139059828412980354-308    0.284307479858398438E+01    0.150640682969033861E+03    0.169529342651367188E+01    0.818188381195068359E+01
    0.199999999999999917E-02   -0.139059828412980354-308   -0.308182060718536377E+01    0.235103305719457555E-07    0.313761997222900391E+01    0.124778804779052734E+02
    0.199999999999999917E-02   -0.139059828412980354-308   -0.300268530845642090E+01    0.142354074958817801E+05   -0.694761276245117188E-01    0.462441921234130859E+01
    0.199999999999999917E-02   -0.139059828412980354-308    0.442997336387634277E+01    0.544768235569781531E-07   -0.640771770477294922E+01    0.720289707183837891E+01
    0.199999999999999917E-02   -0.139059828412980354-308    0.768840312957763672E-02    0.113985966765091505E-04    0.585404491424560547E+01    0.102858676910400391E+02
    0.199999999999999917E-02   -0.139059828412980354-308    0.358328580856323242E+01    0.373381753925909009E+07   -0.794847106933593750E+01    0.129932889938354492E+02
    0.199999999999999917E-02   -0.139059828412980354-308    0.271872162818908691E+01    0.155045870990234758E+00    0.298272418975830078E+01    0.121879091262817383E+02
    0.199999999999999917E-02   -0.139059828412980354-308    0.469343662261962891E+01    0.173738019664717370E-06    0.741913223266601562E+01    0.105533456802368164E+02
    0.199999999999999917E-02   -0.139059828412980354-308   -0.376656651496887207E+00    0.191149017593236323E+03   -0.753642940521240234E+01    0.111902742385864258E+02
    0.199999999999999917E-02   -0.139059828412980354-308   -0.152784287929534912E+01    0.581028385048485688E+03   -0.627269840240478516E+01    0.676202297210693359E+01
    0.199999999999999917E-02   -0.139059828412980354-308    0.360712051391601562E+01    0.250759652837973901E+01   -0.110366535186767578E+01    0.115599565505981445E+02
    0.199999999999999917E-02   -0.139059828412980354-308    0.388781428337097168E+01    0.105413860947266163E+06    0.426498603820800781E+01    0.676918888092041016E+01
    0.199999999999999917E-02   -0.139059828412980354-308   -0.228295326232910156E+00    0.438742804225107402E-04   -0.453800392150878906E+01    0.958118057250976562E+01
    0.199999999999999917E-02   -0.139059828412980354-308   -0.217012405395507812E+01    0.124531089091715295E+02    0.261926841735839844E+01    0.146607570648193359E+02
    0.199999999999999917E-02   -0.139059828412980354-308    0.275701045989990234E+01    0.787956957870428141E+04    0.318946361541748047E+01    0.716060924530029297E+01
    0.199999999999999917E-02   -0.139059828412980354-308   -0.252159535884857178E+01    0.732800009016480410E-03    0.144050788879394531E+01    0.112547683715820312E+01
    0.199999999999999917E-02   -0.139059828412980354-308    0.220597147941589355E+01    0.286834318210957062E+00    0.720077323913574219E+01    0.138367938995361328E+02
    0.199999999999999917E-02   -0.139059828412980354-308    0.470733046531677246E+00    0.946839566032593560E+00   -0.665710449218750000E+01    0.129656839370727539E+02
    0.199999999999999917E-02   -0.139059828412980354-308   -0.217115342617034912E+01    0.893133316814491153E+07   -0.676433658599853516E+01    0.533769702911376953E+01
    0.199999999999999917E-02   -0.139059828412980354-308    0.181303620338439941E+01    0.248755638703066428E-04   -0.222131538391113281E+01    0.756558609008789062E+01
    0.199999999999999917E-02   -0.139059828412980354-308    0.121259629726409912E+01    0.118870268092476308E+05   -0.244876861572265625E+00    0.154942731857299805E+02
    0.199999999999999917E-02   -0.139059828412980354-308   -0.225960195064544678E+01    0.205667497945061792E-04   -0.591988945007324219E+01    0.415416336059570312E+01
    0.199999999999999917E-02   -0.139059828412980354-308    0.409770309925079346E+01    0.266601915839433472E-05    0.221210956573486328E+01    0.370332050323486328E+01
    0.199999999999999917E-02   -0.139059828412980354-308   -0.443477332592010498E+01    0.180857141680585104E+07   -0.603837203979492188E+01    0.380642414093017578E+01
    0.199999999999999917E-02   -0.139059828412980354-308    0.177043437957763672E+01    0.448534018622481767E-02    0.590825748443603516E+01    0.242282104492187500E+01
    0.199999999999999917E-02   -0.139059828412980354-308    0.983200073242187500E+00    0.143324545055287927E+08   -0.256749057769775391E+01    0.149219512939453125E+02
    0.199999999999999917E-02   -0.139059828412980354-308    0.246196866035461426E+01    0.401573908568642510E+06    0.582396125793457031E+01    0.902100467681884766E+01
    0.199999999999999917E-02   -0.139059828412980354-308    0.570374131202697754E+00    0.771426883037974903E+03    0.288489913940429688E+01    0.113386650085449219E+02
    0.199999999999999917E-02   -0.139059828412980354-308   -0.961179137229919434E+00    0.635804717190483826E-04    0.644248580932617188E+01    0.282291221618652344E+01
    0.199999999999999917E-02   -0.139059828412980354-308    0.425957322120666504E+01    0.212778424768209288E+04   -0.635806083679199219E+00    0.789433193206787109E+01
    0.199999999999999917E-02   -0.139059828412980354-308    0.128860533237457275E+01    0.483053515257409458E+02    0.305750751495361328E+01    0.789245414733886719E+01
    0.199999999999999917E-02   -0.139059828412980354-308   -0.683653354644775391E+00    0.471588280163356649E+04    0.203846836090087891E+01    0.177826690673828125E+01
    0.199999999999999917E-02   -0.139059828412980354-308   -0.352036833763122559E+01    0.327436569785641621E-07   -0.240962600708007812E+01    0.407499313354492188E+01
    0.199999999999999917E-02   -0.139059828412980354-308   -0.400820910930633545E+01    0.791638934121592359E-04    0.381099700927734375E+01    0.110133953094482422E+02
    0.199999999999999917E-02   -0.139059828412980354-308    0.366150617599487305E+01    0.707444451352842784E-07    0.182230758666992188E+01    0.498989963531494141E+01
    0.199999999999999917E-02   -0.139059828412980354-308   -0.140236854553222656E+01    0.149660763317481276E-07    0.768111419677734375E+01    0.104965362548828125E+02
    0.199999999999999917E-02   -0.139059828412980354-308    0.240418910980224609E+01    0.129263226151934502E+00    0.717675399780273438E+01    0.113348855972290039E+02
    0.199999999999999917E-02   -0.139059828412980354-308   -0.226664364337921143E+01    0.235873285663022519E-02    0.644721317291259766E+01    0.676937007904052734E+01
    0.199999999999999917E-02   -0.139059828412980354-308   -0.401221871376037598E+01    0.344189425572418804E+04   -0.799020767211914062E+00    0.845171928405761719E+00
    0.199999999999999917E-02   -0.139059828412980354-308   -0.449310541152954102E+00    0.424648723867415123E-04    0.542098999023437500E+01    0.133141784667968750E+02
    0.199999999999999917E-02   -0.139059828412980354-308   -0.215057253837585449E+01    0.211960921206386757E+03    0.486882877349853516E+01    0.472146129608154297E+01
    0.199999999999999917E-02   -0.139059828412980354-308    0.260787010192871094E+01    0.132791092916952092E+08    0.493250370025634766E+01    0.138418836593627930E+02
    0.199999999999999917E-02   -0.139059828412980354-308   -0.402374804019927979E+01    0.264731601014101732E-05   -0.789204788208007812E+01    0.129222669601440430E+02
    0.199999999999999917E-02   -0.139059828412980354-308    0.322277188301086426E+01    0.558444108348412488E-01    0.187434196472167969E+00    0.880539894104003906E+01
    0.199999999999999917E-02   -0.139059828412980354-308   -0.577118396759033203E+00    0.397427964901029397E-07   -0.435657596588134766E+01    0.848512077331542969E+01
    0.199999999999999917E-02   -0.139059828412980354-308    0.210367143154144287E+01    0.303752669554392590E-06   -0.134538650512695312E+00    0.738572120666503906E+00
    0.199999999999999917E-02   -0.139059828412980354-308   -0.388112306594848633E+01    0.208443712718730467E+00    0.411579990386962891E+01    0.133157281875610352E+02
    0.199999999999999917E-02   -0.139059828412980354-308   -0.221095263957977295E+01    0.296948438257812697E+06   -0.242551708221435547E+01    0.120441589355468750E+02
    0.199999999999999917E-02   -0.139059828412980354-308   -0.169031500816345215E+01    0.420149207979478127E-04   -0.592282772064208984E+01    0.574187564849853516E+01
    0.199999999999999917E-02   -0.139059828412980354-308    0.106470823287963867E+01    0.198411305136562921E+08    0.256848335266113281E+01    0.104013700485229492E+02
    0.199999999999999917E-02   -0.139059828412980354-308    0.142572760581970215E+01    0.132442508296537562E-02    0.461959838867187500E+01    0.128162965774536133E+02
    0.199999999999999917E-02   -0.139059828412980354-308   -0.343827486038208008E+01    0.350015607196054665E-01   -0.714083099365234375E+01    0.149966754913330078E+02
    0.199999999999999917E-02   -0.139059828412980354-308   -0.116736948490142822E+01    0.519786601905005731E-02    0.699433612823486328E+01    0.429719543457031250E+01
    0.199999999999999917E-02   -0.139059828412980354-308    0.195978403091430664E+01    0.283767021473939199E-03   -0.244808292388916016E+01    0.619579219818115234E+01
    0.199999999999999917E-02   -0.139059828412980354-308   -0.177965879440307617E+01    0.270341908780074484E-05    0.223124122619628906E+01    0.283768749237060547E+01
    0.199999999999999917E-02   -0.139059828412980354-308   -0.139222800731658936E+01    0.115048925879139301E+04    0.359428882598876953E+01    0.555888557434082031E+01
    0.199999999999999917E-02   -0.139059828412980354-308    0.383046269416809082E+01    0.171286699246097466E-04    0.210237312316894531E+01    0.180702495574951172E+01
    0.199999999999999917E-02   -0.139059828412980354-308   -0.254582762718200684E+01    0.167256478936450412E+04    0.759205913543701172E+01    0.127352600097656250E+02
    0.199999999999999917E-02   -0.139059828412980354-308   -0.287218689918518066E+01    0.214065351880750599E-05   -0.233572769165039062E+01    0.589437866210937500E+01
    0.199999999999999917E-02   -0.139059828412980354-308    0.103126168251037598E+00    0.282760588353771604E-02   -0.304016017913818359E+01    0.471254062652587891E+01
    0.199999999999999917E-02   -0.139059828412980354-308    0.431364178657531738E+00    0.624380393218095311E-02    0.239413356781005859E+01    0.327193069458007812E+01
    0.199999999999999917E-02   -0.139059828412980354-308   -0.410816550254821777E+01    0.118388603685213104E-02    0.689897537231445312E-01    0.918373203277587891E+01
    0.199999999999999917E-02   -0.139059828412980354-308    0.101091265678405762E+00    0.483279506804899783E-03    0.508274841308593750E+01    0.104570970535278320E+02
    0.199999999999999917E-02   -0.139059828412980354-308   -0.325338840484619141E+01    0.253811591154946785E-05    0.281940555572509766E+01    0.125129833221435547E+02
    0.199999999999999917E-02   -0.139059828412980354-308    0.108831524848937988E+01    0.192270501329101766E-07    0.149294090270996094E+01    0.106516609191894531E+02
    0.199999999999999917E-02   -0.139059828412980354-308   -0.368789315223693848E+01    0.185957606675096115E-06    0.188461017608642578E+01    0.242457580566406250E+01
    0.199999999999999917E-02   -0.139059828412980354-308    0.343155086040496826E+01    0.144180952516957698E+07    0.289105987548828125E+01    0.127267284393310547E+02
    0.199999999999999917E-02   -0.139059828412980354-308   -0.461833178997039795E+01    0.133676994044666969E+03   -0.111331844329833984E+01    0.270956611633300781E+01
    0.199999999999999917E-02   -0.139059828412980354-308    0.179660320281982422E+01    0.340517020321333503E-04    0.257735919952392578E+01    0.593018531799316406E+01
    0.199999999999999917E-02   -0.139059828412980354-308    0.746135711669921875E+00    0.603537831733380131E+03   -0.182912445068359375E+01    0.967628955841064453E+01
    0.199999999999999917E-02   -0.139059828412980354-308    0.458992123603820801E+00    0.780303244069393026E+06    0.514421844482421875E+01    0.611179542541503906E+01
    0.199999999999999917E-02   -0.139059828412980354-308   -0.422681152820587158E+01    0.450710094956662655E+01   -0.609023761749267578E+01    0.150327444076538086E+02
    0.199999999999999917E-02   -0.139059828412980354-308    0.194285571575164795E+01    0.370412412651616207E-06   -0.116263580322265625E+01    0.100608158111572266E+02
    0.199999999999999917E-02   -0.139059828412980354-308   -0.258341789245605469E+01    0.208829473636008922E+01    0.134762573242187500E+01    0.153593807220458984E+02
    0.199999999999999917E-02   -0.139059828412980354-308    0.372002303600311279E+01    0.859702335150697335E-02    0.561158466339111328E+01    0.136029691696166992E+02
    0.199999999999999917E-02   -0.139059828412980354-308   -0.296016991138458252E+01    0.434526933533820972E-04   -0.264440917968750000E+01    0.304584121704101562E+01
    0.199999999999999917E-02   -0.139059828412980354-308    0.291262030601501465E+01    0.117365641659726782E+06    0.478885841369628906E+01    0.106892566680908203E+02
    0.199999999999999917E-02   -0.139059828412980354-308    0.246188521385192871E+01    0.153610673868308307E+02   -0.550078964233398438E+01    0.285224151611328125E+01
    0.199999999999999917E-02   -0.139059828412980354-308   -0.443480014801025391E+00    0.324476153520134053E-06   -0.316925907135009766E+01    0.137571430206298828E+02
    0.199999999999999917E-02   -0.139059828412980354-308   -0.206515967845916748E+01    0.156705619929134682E+05   -0.383766841888427734E+01    0.755356979370117188E+01
    0.199999999999999917E-02   -0.139059828412980354-308    0.230932474136352539E+01    0.324581623982443231E-07   -0.589680099487304688E+01    0.143329753875732422E+02
    0.199999999999999917E-02   -0.139059828412980354-308    0.132119059562683105E+01    0.187252471647439273E-01    0.606356620788574219E+01    0.145113229751586914E+02
    0.199999999999999917E-02   -0.139059828412980354-308    0.308906137943267822E+01    0.479934430847049121E-04   -0.623011779785156250E+01    0.135185031890869141E+02
    0.199999999999999917E-02   -0.139059828412980354-308   -0.183940529823303223E+01    0.108007032505824663E+00    0.155160140991210938E+01    0.226898193359375000E+01
    0.199999999999999917E-02   -0.139059828412980354-308    0.226947784423828125E+01    0.507943392499447666E-05    0.783801841735839844E+01    0.134689311981201172E+02
    0.199999999999999917E-02   -0.139059828412980354-308    0.484129071235656738E+01    0.111934392548498618E+05    0.187596416473388672E+01    0.263235855102539062E+01
    0.199999999999999917E-02   -0.139059828412980354-308    0.168362796306610107E+01    0.292850008374761879E-04    0.778875446319580078E+01    0.251350975036621094E+01
    0.199999999999999917E-02   -0.139059828412980354-308    0.391324102878570557E+01    0.109698866677393632E+02    0.195126628875732422E+01    0.141174993515014648E+02
    0.199999999999999917E-02   -0.139059828412980354-308   -0.267526984214782715E+01    0.782934436064242345E+04    0.558702754974365234E+01    0.120490932464599609E+02
    0.199999999999999917E-02   -0.139059828412980354-308    0.173602104187011719E+00    0.569801978969843221E-03    0.756155300140380859E+01    0.136793127059936523E+02
    0.199999999999999917E-02   -0.139059828412980354-308    0.316953361034393311E+01    0.986930424092562497E+07    0.527973651885986328E+01    0.817836952209472656E+01
    0.199999999999999917E-02   -0.139059828412980354-308   -0.152177989482879639E+01    0.616068470145333738E-01   -0.613621616363525391E+01    0.959119510650634766E+01
    0.199999999999999917E-02   -0.139059828412980354-308   -0.250223040580749512E+01    0.796201352666800997E-02   -0.667101764678955078E+01    0.419437885284423828E+01
    0.199999999999999917E-02   -0.139059828412980354-308    0.760013461112976074E+00    0.314592507437320706E+07   -0.737751197814941406E+01    0.294887542724609375E+01
    0.199999999999999917E-02   -0.139059828412980354-308   -0.187648653984069824E+01    0.508149783633295738E+05   -0.587246608734130859E+01    0.120834827423095703E+01
    0.199999999999999917E-02   -0.139059828412980354-308    0.421931207180023193E+01    0.373027718569118633E+03    0.213838005065917969E+01    0.901030063629150391E+01
    0.199999999999999917E-02   -0.139059828412980354-308    0.791738629341125488E+00    0.911450335929567501E+01   -0.672395896911621094E+01    0.750106430053710938E+01
    0.199999999999999917E-02   -0.139059828412980354-308   -0.277363419532775879E+01    0.363950889924631371E+00   -0.741414356231689453E+01    0.523572349548339844E+01
    0.199999999999999917E-02   -0.139059828412980354-308   -0.223159492015838623E+01    0.117518056085785675E-02    0.240878009796142578E+01    0.898042201995849609E+01
    0.199999999999999917E-02   -0.139059828412980354-308   -0.164193570613861084E+01    0.113079983008004820E+04   -0.630062294006347656E+01    0.933930683135986328E+01
    0.199999999999999917E-02   -0.139059828412980354-308   -0.873829722404479980E+00    0.774956737143187648E-05   -0.342183017730712891E+01    0.145062932968139648E+02
    0.199999999999999917E-02   -0.139059828412980354-308   -0.447435796260833740E+01    0.427687348803934583E+04    0.625693798065185547E+01    0.212206268310546875E+01
    0.199999999999999917E-02   -0.139059828412980354-308   -0.344725847244262695E+00    0.728429720714687370E+07   -0.666065406799316406E+01    0.147470474243164062E+00
    0.199999999999999917E-02   -0.139059828412980354-308   -0.419200420379638672E+01    0.102666743472963246E+07   -0.627988624572753906E+01    0.466713809967041016E+01
    0.199999999999999917E-02   -0.139059828412980354-308   -0.469613432884216309E+01    0.213409670895352066E-03    0.990786552429199219E+00    0.866926765441894531E+01
    0.199999999999999917E-02   -0.139059828412980354-308   -0.126640617847442627E+01    0.101556152200495332E-04    0.702991580963134766E+01    0.251874542236328125E+01
    0.199999999999999917E-02   -0.139059828412980354-308   -0.148977398872375488E+01    0.702191509687897288E-04    0.432914638519287109E+01    0.960105514526367188E+01
    0.199999999999999917E-02   -0.139059828412980354-308    0.379860401153564453E+01    0.299596510574884266E+08    0.415908050537109375E+01    0.729110050201416016E+01
    0.199999999999999917E-02   -0.139059828412980354-308    0.479267895221710205E+01    0.855795869149287610E+05   -0.247846508026123047E+01    0.789764785766601562E+01
    0.199999999999999917E-02   -0.139059828412980354-308   -0.318739414215087891E+01    0.720611687449690310E-02   -0.588084697723388672E+01    0.545574855804443359E+01
    0.199999999999999917E-02   -0.139059828412980354-308   -0.397078275680541992E+01    0.208185258492484904E-03    0.313165569305419922E+01    0.548505687713623047E+01
    0.199999999999999917E-02   -0.139059828412980354-308   -0.456161618232727051E+01    0.249171132695055509E+06   -0.609393596649169922E+01    0.124657239913940430E+02
    0.199999999999999917E-02   -0.139059828412980354-308   -0.188458800315856934E+01    0.856228207214270611E+02   -0.543075180053710938E+01    0.602972984313964844E+01
    0.199999999999999917E-02   -0.139059828412980354-308    0.257065415382385254E+01    0.460295094416000589E+06   -0.241633510589599609E+01    0.151640491485595703E+02
    0.199999999999999917E-02   -0.139059828412980354-308   -0.431705355644226074E+01    0.205700017775258948E+04    0.138377761840820312E+01    0.127819252014160156E+02
    0.199999999999999917E-02   -0.139059828412980354-308   -0.393226325511932373E+01    0.120730674497480644E+07    0.241743373870849609E+01    0.147349615097045898E+02
    0.199999999999999917E-02   -0.139059828412980354-308   -0.335619866847991943E+01    0.110188238063623051E-03   -0.203920364379882812E+01    0.203663158416748047E+01
    0.199999999999999917E-02   -0.139059828412980354-308    0.114102602005004883E+01    0.716971889655449845E-03   -0.451167488098144531E+01    0.193143939971923828E+01
    0.199999999999999917E-02   -0.139059828412980354-308    0.138100385665893555E+00    0.418372333855452382E+03   -0.706024646759033203E+01    0.762290287017822266E+01
    0.199999999999999917E-02   -0.139059828412980354-308   -0.271871984004974365E+01    0.529698310021990369E-05    0.135097789764404297E+01    0.605826377868652344E+01
    0.199999999999999917E-02   -0.139059828412980354-308   -0.395608782768249512E+01    0.196095700203624032E+08   -0.330200195312500000E+01    0.973166370391845703E+01
    0.199999999999999917E-02   -0.139059828412980354-308   -0.262754082679748535E+01    0.844362487509337999E+07   -0.973944664001464844E+00    0.322598552703857422E+01
    0.199999999999999917E-02   -0.139059828412980354-308   -0.150300145149230957E+01    0.691843367725515114E-02   -0.363388538360595703E+01    0.644772243499755859E+01
    0.199999999999999917E-02   -0.139059828412980354-308    0.575589537620544434E+00    0.205729832136678192E+01    0.635033988952636719E+01    0.990358066558837891E+01
    0.199999999999999917E-02   -0.139059828412980354-308   -0.217142820358276367E+01    0.641373166935408108E+03    0.167368888854980469E+01    0.144379339218139648E+02
    0.199999999999999917E-02   -0.139059828412980354-308   -0.275627672672271729E+01    0.366937722825511059E+03    0.694413280487060547E+01    0.778809642791748047E+01
    0.199999999999999917E-02   -0.139059828412980354-308   -0.218134880065917969E+01    0.142421924808619526E-02    0.667784976959228516E+01    0.106179990768432617E+02
    0.199999999999999917E-02   -0.139059828412980354-308    0.127668976783752441E+01    0.346247582043790416E+02   -0.316980361938476562E+01    0.157864656448364258E+02
    0.199999999999999917E-02   -0.139059828412980354-308    0.332870841026306152E+01    0.146987430200710855E+04    0.279774665832519531E+00    0.890904426574707031E+01
    0.199999999999999917E-02   -0.139059828412980354-308    0.178349137306213379E+01    0.404082561038784377E+03   -0.156473350524902344E+01    0.981903362274169922E+01
    0.199999999999999917E-02   -0.139059828412980354-308    0.254790782928466797E+00    0.366607508047652170E+08    0.170791912078857422E+01    0.697712802886962891E+01
    0.199999999999999917E-02   -0.139059828412980354-308    0.916977524757385254E+00    0.169675456453095598E+06    0.575005340576171875E+01    0.100217599868774414E+02
    0.199999999999999917E-02   -0.139059828412980354-308   -0.443733036518096924E+01    0.110904105715462265E+03    0.798695087432861328E+01    0.525978851318359375E+01
    0.199999999999999917E-02   -0.139059828412980354-308    0.135711610317230225E+01    0.476852240162612606E+01   -0.398197555541992188E+01    0.978588867187500000E+01
    0.199999999999999917E-02   -0.139059828412980354-308    0.223640441894531250E+01    0.449535837998985662E+06    0.534518337249755859E+01    0.263594627380371094E+00
    0.199999999999999917E-02   -0.139059828412980354-308   -0.126464009284973145E+01    0.855149649168296527E-01   -0.214813137054443359E+01    0.140845766067504883E+02
    0.199999999999999917E-02   -0.139059828412980354-308   -0.188268780708312988E+01    0.540883523570210212E+01    0.142596244812011719E+00    0.849710559844970703E+01
    0.199999999999999917E-02   -0.139059828412980354-308   -0.335746705532073975E+01    0.857918297529717000E-06   -0.694973754882812500E+01    0.105549535751342773E+02
    0.199999999999999917E-02   -0.139059828412980354-308    0.320625305175781250E-01    0.203673352365318249E+06   -0.244328689575195312E+01    0.828133678436279297E+01
    0.199999999999999917E-02   -0.139059828412980354-308   -0.143124699592590332E+01    0.357966631139118574E-07    0.565247058868408203E+01    0.247178459167480469E+01
    0.199999999999999917E-02   -0.139059828412980354-308   -0.386416733264923096E+01    0.735061152317027506E+02   -0.629359531402587891E+01    0.897716712951660156E+01
    0.199999999999999917E-02   -0.139059828412980354-308   -0.575064420700073242E+00    0.553300330807699356E+07    0.472539710998535156E+01    0.156725454330444336E+02
    0.199999999999999917E-02   -0.139059828412980354-308    0.477970480918884277E+01    0.359401710040900503E-03    0.113264274597167969E+01    0.995738029479980469E+00
    0.199999999999999917E-02   -0.139059828412980354-308    0.253763198852539062E+01    0.211786449889200847E-01   -0.491624832153320312E+00    0.140992002487182617E+02
    0.199999999999999917E-02   -0.139059828412980354-308    0.117094218730926514E+01    0.131186002048103433E+03    0.193991756439208984E+01    0.435441589355468750E+01
    0.199999999999999917E-02   -0.139059828412980354-308   -0.479168653488159180E+01    0.271418550208771769E+01   -0.729487800598144531E+01    0.109737329483032227E+02
    0.199999999999999917E-02   -0.139059828412980354-308   -0.189456343650817871E+01    0.722276713548205700E+07   -0.563394546508789062E+01    0.100625896453857422E+01
    0.199999999999999917E-02   -0.139059828412980354-308   -0.210640430450439453E+00    0.983427930167422710E+04   -0.766340351104736328E+01    0.936498641967773438E-01
    0.199999999999999917E-02   -0.139059828412980354-308    0.382956981658935547E+01    0.197867868148971647E+08   -0.364581012725830078E+01    0.456198787689208984E+01
    0.199999999999999917E-02   -0.139059828412980354-308    0.847001671791076660E+00    0.197594321608433687E+01   -0.132773685455322266E+01    0.120123624801635742E+02
    0.199999999999999917E-02   -0.139059828412980354-308    0.755566954612731934E+00    0.555389206029395843E-05    0.709482097625732422E+01    0.125377597808837891E+02
    0.199999999999999917E-02   -0.139059828412980354-308   -0.534123182296752930E-01    0.266374863611717956E+05    0.167825222015380859E+01    0.151329708099365234E+01
    0.199999999999999917E-02   -0.139059828412980354-308    0.323654234409332275E+01    0.571008195541906076E+02    0.104127120971679688E+01    0.157302503585815430E+02
    0.199999999999999917E-02   -0.139059828412980354-308    0.327797114849090576E+01    0.308930320281231496E-02   -0.288324356079101562E+01    0.431946086883544922E+01
    0.199999999999999917E-02   -0.139059828412980354-308   -0.204102993011474609E+01    0.235643424392032623E+08   -0.421698474884033203E+01    0.313010406494140625E+01
    0.199999999999999917E-02   -0.139059828412980354-308    0.661773681640625000E+00    0.642850871672965998E-04   -0.754944610595703125E+01    0.640061950683593750E+01
    0.199999999999999917E-02   -0.139059828412980354-308    0.138437628746032715E+01    0.436934306546144131E-02   -0.386221885681152344E+01    0.181884956359863281E+01
    0.199999999999999917E-02   -0.139059828412980354-308    0.386475980281829834E+01    0.250188182565912058E+03    0.370266723632812500E+01    0.730770111083984375E+00
    0.199999999999999917E-02   -0.139059828412980354-308    0.286415219306945801E+00    0.442784643743201468E+04    0.637603282928466797E+01    0.148342914581298828E+02
    0.199999999999999917E-02   -0.139059828412980354-308    0.225593507289886475E+01    0.568294982976105451E-05    0.397657680511474609E+01    0.995646858215332031E+01
    0.199999999999999917E-02   -0.139059828412980354-308   -0.396633327007293701E+01    0.643360678167845072E+04   -0.329441547393798828E+01    0.100831003189086914E+02
    0.199999999999999917E-02   -0.139059828412980354-308    0.190522491931915283E+01    0.108508631641644101E-06   -0.356261920928955078E+01    0.411420440673828125E+01
    0.199999999999999917E-02   -0.139059828412980354-308   -0.142754971981048584E+01    0.799630317385951160E-02   -0.785678958892822266E+01    0.715332221984863281E+01
    0.199999999999999917E-02   -0.139059828412980354-308   -0.385588526725769043E+01    0.234287988054060191E+08    0.653308010101318359E+01    0.157804584503173828E+02
    0.199999999999999917E-02   -0.139059828412980354-308   -0.128160059452056885E+01    0.165831290723715052E+00   -0.374817180633544922E+01    0.133460884094238281E+02
    0.199999999999999917E-02   -0.139059828412980354-308    0.389719843864440918E+01    0.533079934284461920E+01   -0.666803264617919922E+01    0.139991178512573242E+02
    0.199999999999999917E-02   -0.139059828412980354-308   -0.298881351947784424E+01    0.171746194592893822E+06    0.196619129180908203E+01    0.493192100524902344E+01
    0.199999999999999917E-02   -0.139059828412980354-308   -0.272719562053680420E+01    0.594993595415894277E-01    0.450317764282226562E+01    0.290603256225585938E+01
    0.199999999999999917E-02   -0.139059828412980354-308   -0.323956549167633057E+01    0.640708745687134116E-06    0.696399211883544922E+01    0.980749320983886719E+01
    0.199999999999999917E-02   -0.139059828412980354-308   -0.115987360477447510E+01    0.348692271582560553E+00   -0.492582702636718750E+01    0.140398187637329102E+02
    0.199999999999999917E-02   -0.139059828412980354-308    0.495708644390106201E+01    0.237510509235003535E-07    0.671545696258544922E+01    0.119384479522705078E+01
    0.199999999999999917E-02   -0.139059828412980354-308   -0.492270469665527344E+01    0.395499586925612675E+05    0.247204780578613281E+00    0.139734401702880859E+02
    0.199999999999999917E-02   -0.139059828412980354-308   -0.263572037220001221E+01    0.112912495100230313E+06    0.199240589141845703E+01    0.947120857238769531E+01
    0.199999999999999917E-02   -0.139059828412980354-308   -0.722026824951171875E-01    0.816594364010518766E+05    0.769905567169189453E+01    0.119080686569213867E+02
    0.199999999999999917E-02   -0.139059828412980354-308    0.242546498775482178E+01    0.694635253858241373E-03   -0.104274940490722656E+01    0.889532279968261719E+01
    0.199999999999999917E-02   -0.139059828412980354-308   -0.332983672618865967E+01    0.226879317269652958E+02   -0.398509693145751953E+01    0.141406879425048828E+02
    0.199999999999999917E-02   -0.139059828412980354-308   -0.704618692398071289E+00    0.118345716164357587E-01    0.691482830047607422E+01    0.824181556701660156E+01
    0.199999999999999917E-02   -0.139059828412980354-308    0.211689293384552002E+01    0.136599894258303120E+05   -0.188368797302246094E+01    0.134060430526733398E+02
    0.199999999999999917E-02   -0.139059828412980354-308    0.589269399642944336E+00    0.171421407175732924E-06   -0.573392200469970703E+01    0.136299409866333008E+02
    0.199999999999999917E-02   -0.139059828412980354-308   -0.387601792812347412E+01    0.799811197726495713E+08   -0.749390602111816406E+00    0.139646577835083008E+02
    0.199999999999999917E-02   -0.139059828412980354-308   -0.156986594200134277E+01    0.161092424931845576E-02   -0.492717742919921875E+01    0.131056013107299805E+02
    0.199999999999999917E-02   -0.139059828412980354-308   -0.337025046348571777E+01    0.138411574522029723E+01    0.337315940856933594E+01    0.121627607345581055E+02
    0.199999999999999917E-02   -0.139059828412980354-308    0.267598927021026611E+01    0.461178342514021616E-03    0.725391006469726562E+01    0.477685451507568359E+01
    0.199999999999999917E-02   -0.139059828412980354-308    0.162298500537872314E+01    0.127418147030625323E+04    0.185848712921142578E+01    0.251866912841796875E+01
    0.199999999999999917E-02   -0.139059828412980354-308    0.354531586170196533E+01    0.115421410414949223E+05    0.272088432312011719E+01    0.135466747283935547E+02
    0.199999999999999917E-02   -0.139059828412980354-308   -0.443941712379455566E+01    0.962245533598201490E+02    0.755095481872558594E+00    0.327591323852539062E+01
    0.199999999999999917E-02   -0.139059828412980354-308   -0.314829230308532715E+01    0.470551781378541887E+08   -0.181479167938232422E+01    0.308942794799804688E-01
    0.199999999999999917E-02   -0.139059828412980354-308   -0.313945293426513672E+01    0.163894478768414613E+08    0.586193084716796875E+00    0.663515567779541016E+01
    0.199999999999999917E-02   -0.139059828412980354-308    0.292637944221496582E+00    0.386036983945783856E-06   -0.476070976257324219E+01    0.137306137084960938E+02
    0.199999999999999917E-02   -0.139059828412980354-308   -0.244260787963867188E+01    0.166345905510744885E+02   -0.613482093811035156E+01    0.157093391418457031E+02
    0.199999999999999917E-02   -0.139059828412980354-308   -0.319586396217346191E+01    0.517239533596033002E-07   -0.921296119689941406E+00    0.166173839569091797E+01
    0.199999999999999917E-02   -0.139059828412980354-308    0.400265634059906006E+01    0.257851865279260448E-06   -0.682063579559326172E+01    0.679307079315185547E+01
    0.199999999999999917E-02   -0.139059828412980354-308    0.239716887474060059E+01    0.128225397019372611E+01   -0.369680595397949219E+01    0.559040546417236328E+01
    0.199999999999999917E-02   -0.139059828412980354-308   -0.193259477615356445E+01    0.639692333140819983E+03    0.168733787536621094E+01    0.886529827117919922E+01
    0.199999999999999917E-02   -0.139059828412980354-308   -0.461883664131164551E+01    0.768619980562655191E-02   -0.425765800476074219E+01    0.427539253234863281E+01
    0.199999999999999917E-02   -0.139059828412980354-308   -0.237011015415191650E+01    0.322550243406509995E+01   -0.373824691772460938E+01    0.860507869720458984E+01
    0.199999999999999917E-02   -0.139059828412980354-308   -0.261199474334716797E+00    0.138626018332202453E+06   -0.462285518646240234E+01    0.128961086273193359E+02
    0.199999999999999917E-02   -0.139059828412980354-308    0.739571452140808105E+00    0.291673622687778078E+00    0.351186752319335938E+00    0.117578983306884766E+01
    0.199999999999999917E-02   -0.139059828412980354-308   -0.724767446517944336E+00    0.116011692395476284E-02   -0.288696098327636719E+01    0.419380187988281250E+00
    0.199999999999999917E-02   -0.139059828412980354-308    0.442134380340576172E+01    0.390565500233630955E+05    0.649560546875000000E+01    0.575295448303222656E+00
    0.199999999999999917E-02   -0.139059828412980354-308    0.274194300174713135E+01    0.420379924422765239E+01   -0.232622814178466797E+01    0.555031394958496094E+01
    0.199999999999999917E-02   -0.139059828412980354-308   -0.194386303424835205E+01    0.960900486778886467E+08    0.750839138031005859E+01    0.456657695770263672E+01
    0.199999999999999917E-02   -0.139059828412980354-308   -0.251370191574096680E+01    0.851065747274864085E-07   -0.531155967712402344E+01    0.386026477813720703E+01
    0.199999999999999917E-02   -0.139059828412980354-308   -0.125574767589569092E+01    0.297484927055021143E+07   -0.415867328643798828E+01    0.552430248260498047E+01
    0.199999999999999917E-02   -0.139059828412980354-308    0.449672341346740723E+01    0.909826591479171604E-07   -0.763059043884277344E+01    0.154300470352172852E+02
    0.199999999999999917E-02   -0.139059828412980354-308   -0.472751855850219727E+00    0.174535683694932375E+01   -0.304270935058593750E+01    0.159552650451660156E+02
    0.199999999999999917E-02   -0.139059828412980354-308    0.451249897480010986E+01    0.106178187825922146E+08   -0.476688385009765625E+01    0.427308654785156250E+01
    0.199999999999999917E-02   -0.139059828412980354-308   -0.138161301612854004E+01    0.556797172870691975E+04   -0.648213100433349609E+01    0.269402027130126953E+01
    0.199999999999999917E-02   -0.139059828412980354-308   -0.464109897613525391E+01    0.608135556811004374E+01    0.179168510437011719E+01    0.957717704772949219E+01
    0.199999999999999917E-02   -0.139059828412980354-308   -0.260865509510040283E+01    0.730072730387106341E-07   -0.757135486602783203E+01    0.109756860733032227E+02
    0.199999999999999917E-02   -0.139059828412980354-308   -0.163718461990356445E+00    0.486296442532841512E-07    0.885531425476074219E+00    0.242467308044433594E+01
    0.199999999999999917E-02   -0.139059828412980354-308   -0.350108146667480469E+01    0.306592675402434347E-02   -0.391399765014648438E+01    0.871694564819335938E+00
    0.199999999999999917E-02   -0.139059828412980354-308   -0.216411650180816650E+01    0.100056890407708779E+05   -0.660165119171142578E+01    0.121956319808959961E+02
    0.199999999999999917E-02   -0.139059828412980354-308    0.432877957820892334E+01    0.168483268078067954E+04    0.624581432342529297E+01    0.343256568908691406E+01
    0.199999999999999917E-02   -0.139059828412980354-308    0.348654866218566895E+01    0.161898142894542796E+00    0.273620891571044922E+01    0.756918525695800781E+01
    0.199999999999999917E-02   -0.139059828412980354-308    0.257486701011657715E+00    0.115375290684656385E-02   -0.404288482666015625E+01    0.584012985229492188E+00
    0.199999999999999917E-02   -0.139059828412980354-308    0.270081281661987305E+01    0.164737361788500373E-02   -0.502259254455566406E+00    0.863294982910156250E+01
    0.199999999999999917E-02   -0.139059828412980354-308   -0.410349726676940918E+01    0.157543702124422493E-05    0.207802963256835938E+01    0.457905673980712891E+01
    0.199999999999999917E-02   -0.139059828412980354-308   -0.468143403530120850E+01    0.161571044675383862E+06    0.402074432373046875E+01    0.337609767913818359E+01
    0.199999999999999917E-02   -0.139059828412980354-308   -0.395641505718231201E+01    0.117949030119166576E+00    0.339644241333007812E+01    0.589396381378173828E+01
    0.199999999999999917E-02   -0.139059828412980354-308   -0.203042268753051758E+01    0.434168308136295344E+01    0.247580337524414062E+01    0.489592647552490234E+01
    0.199999999999999917E-02   -0.139059828412980354-308    0.182333707809448242E+01    0.168322036108877409E-03    0.457798385620117188E+01    0.102214260101318359E+02
    0.199999999999999917E-02   -0.139059828412980354-308   -0.177561879158020020E+01    0.105339350729113757E+01    0.159990310668945312E+00    0.769180679321289062E+01
    0.199999999999999917E-02   -0.139059828412980354-308    0.341556668281555176E+01    0.265088195292051882E+06    0.368458938598632812E+01    0.505239009857177734E+01
    0.199999999999999917E-02   -0.139059828412980354-308   -0.387193024158477783E+01    0.661957862842862121E-01    0.500624084472656250E+01    0.588885402679443359E+01
    0.199999999999999917E-02   -0.139059828412980354-308    0.245619773864746094E+01    0.170725305032457565E-01    0.782673645019531250E+01    0.103421106338500977E+02
    0.199999999999999917E-02   -0.139059828412980354-308    0.262437224388122559E+01    0.104814418230630793E+02   -0.910662651062011719E+00    0.877836227416992188E+01
    0.199999999999999917E-02   -0.139059828412980354-308    0.118410348892211914E+01    0.930688525341521881E+03   -0.739191055297851562E+01    0.775447368621826172E+01
    0.199999999999999917E-02   -0.139059828412980354-308   -0.110021054744720459E+01    0.444135304644473095E+00    0.488748550415039062E+01    0.240211868286132812E+01
    0.199999999999999917E-02   -0.139059828412980354-308    0.396397829055786133E+01    0.367932576678655554E+01    0.639196014404296875E+01    0.208674240112304688E+01
    0.199999999999999917E-02   -0.139059828412980354-308   -0.786872506141662598E+00    0.428661431955595326E+06    0.603181838989257812E+00    0.197948741912841797E+01
    0.199999999999999917E-02   -0.139059828412980354-308    0.174210488796234131E+01    0.147796579420108550E-05    0.648324298858642578E+01    0.993856430053710938E+01
    0.199999999999999917E-02   -0.139059828412980354-308    0.654150843620300293E+00    0.335683079741654359E+07    0.413026809692382812E-01    0.140896463394165039E+02
    0.199999999999999917E-02   -0.139059828412980354-308    0.268266081809997559E+01    0.158526145020951126E+01    0.457233047485351562E+01    0.151050338745117188E+02
    0.199999999999999917E-02   -0.139059828412980354-308   -0.977227687835693359E+00    0.228222460461825288E+00    0.473584175109863281E+01    0.134982423782348633E+02
    0.199999999999999917E-02   -0.139059828412980354-308    0.290505528450012207E+01    0.156597949748086510E+06   -0.916518211364746094E+00    0.123788843154907227E+02
    0.199999999999999917E-02   -0.139059828412980354-308    0.823701024055480957E+00    0.159153633779663352E+03    0.244743061065673828E+01    0.106107606887817383E+02
    0.199999999999999917E-02   -0.139059828412980354-308   -0.504289269447326660E+00    0.521145509086066568E+03    0.133829689025878906E+01    0.315267181396484375E+01
    0.199999999999999917E-02   -0.139059828412980354-308    0.246523141860961914E+01    0.183759500482258586E+00    0.762088108062744141E+01    0.263076496124267578E+01
    0.199999999999999917E-02   -0.139059828412980354-308    0.336697995662689209E+01    0.189753440544806219E-04   -0.449551391601562500E+01    0.317053318023681641E+01
    0.199999999999999917E-02   -0.139059828412980354-308    0.227615296840667725E+01    0.268669453692989872E-07    0.490499210357666016E+01    0.103520221710205078E+02
    0.199999999999999917E-02   -0.139059828412980354-308    0.296163558959960938E+01    0.230572375448211817E-06   -0.120252513885498047E+01    0.560020637512207031E+01
    0.199999999999999917E-02   -0.139059828412980354-308   -0.195733785629272461E+01    0.170906477056478411E+08    0.143692970275878906E+00    0.457833576202392578E+01
    0.199999999999999917E-02   -0.139059828412980354-308   -0.345561563968658447E+01    0.121747671227512566E+00   -0.668428707122802734E+01    0.680531120300292969E+01
    0.199999999999999917E-02   -0.139059828412980354-308   -0.293302357196807861E+01    0.298391058290807182E-04    0.195570278167724609E+01    0.157196464538574219E+02
    0.199999999999999917E-02   -0.139059828412980354-308   -0.420239090919494629E+01    0.966190135545004159E+06    0.408128833770751953E+01    0.129883766174316406E+00
    0.199999999999999917E-02   -0.139059828412980354-308    0.203667879104614258E+01    0.197561347915564534E+04   -0.596895313262939453E+01    0.262822914123535156E+01
    0.199999999999999917E-02   -0.139059828412980354-308   -0.968818068504333496E+00    0.171269398082482538E+00   -0.215688991546630859E+01    0.154681463241577148E+02
    0.199999999999999917E-02   -0.139059828412980354-308   -0.470648169517517090E+01    0.890073143945731705E-04   -0.120437812805175781E+01    0.458821773529052734E+01
    0.199999999999999917E-02   -0.139059828412980354-308   -0.422795414924621582E+00    0.527564706410045968E+06   -0.248333358764648438E+01    0.107151479721069336E+02
    0.199999999999999917E-02   -0.139059828412980354-308    0.357970178127288818E+01    0.242056027273072516E+01    0.579741764068603516E+01    0.138304538726806641E+02
    0.199999999999999917E-02   -0.139059828412980354-308    0.149035692214965820E+01    0.123645508431639541E+04   -0.709933757781982422E+01    0.113761091232299805E+02
    0.199999999999999917E-02   -0.139059828412980354-308   -0.229210793972015381E+01    0.242272990635992671E-05    0.581019401550292969E+01    0.122144384384155273E+02
    0.199999999999999917E-02   -0.139059828412980354-308   -0.295946419239044189E+01    0.112639835868386717E+04   -0.339885902404785156E+01    0.879225349426269531E+01
    0.199999999999999917E-02   -0.139059828412980354-308    0.483635425567626953E+01    0.273299496814740784E+08    0.204435729980468750E+01    0.102526369094848633E+02
    0.199999999999999917E-02   -0.139059828412980354-308    0.145718097686767578E+01    0.241302953338862771E+02    0.664370822906494141E+01    0.951955509185791016E+01
    0.199999999999999917E-02   -0.139059828412980354-308   -0.334401726722717285E+01    0.879233434600508179E+00    0.420211505889892578E+01    0.153240261077880859E+02
    0.199999999999999917E-02   -0.139059828412980354-308    0.429969310760498047E+01    0.225664462955511268E+07    0.149971389770507812E+01    0.233293247222900391E+01
    0.199999999999999917E-02   -0.139059828412980354-308   -0.645697712898254395E+00    0.259631382176402782E+06   -0.579798316955566406E+01    0.741461563110351562E+01
    0.199999999999999917E-02   -0.139059828412980354-308    0.465231835842132568E+01    0.457959089284839527E-01    0.427277469635009766E+01    0.118579368591308594E+02
    0.199999999999999917E-02   -0.139059828412980354-308    0.373601198196411133E+01    0.549701104777368180E-01   -0.424320602416992188E+01    0.155112714767456055E+02
    0.199999999999999917E-02   -0.139059828412980354-308    0.356305837631225586E+00    0.396482192425256812E+03    0.110796165466308594E+01    0.481011390686035156E+01
    0.199999999999999917E-02   -0.139059828412980354-308   -0.391680717468261719E+01    0.132244308873972496E-02    0.614454364776611328E+01    0.284840488433837891E+01
    0.199999999999999917E-02   -0.139059828412980354-308    0.309359014034271240E+01    0.118298427949015296E-06    0.127544498443603516E+01    0.153315820693969727E+02
    0.199999999999999917E-02   -0.139059828412980354-308    0.213844478130340576E+01    0.865888263294858276E+06   -0.115118980407714844E+00    0.837260437011718750E+01
    0.199999999999999917E-02   -0.139059828412980354-308    0.124840795993804932E+01    0.744218200504338347E+04    0.255957412719726562E+01    0.216641426086425781E+01
    0.199999999999999917E-02   -0.139059828412980354-308    0.464728355407714844E+01    0.427082953613597248E+07    0.949440002441406250E+00    0.800924682617187500E+01
    0.199999999999999917E-02   -0.139059828412980354-308   -0.918110609054565430E+00    0.202144605061514703E+05   -0.457869529724121094E+00    0.430943202972412109E+01
    0.199999999999999917E-02   -0.139059828412980354-308   -0.405399799346923828E+01    0.637531332175330099E+05    0.431031227111816406E+00    0.266432571411132812E+01
    0.199999999999999917E-02   -0.139059828412980354-308   -0.251654744148254395E+01    0.169447954726557982E+05    0.697776889801025391E+01    0.126376667022705078E+02
    0.199999999999999917E-02   -0.139059828412980354-308    0.267739951610565186E+01    0.162413034278373187E+07    0.138920593261718750E+01    0.107497692108154297E+02
    0.199999999999999917E-02   -0.139059828412980354-308    0.371426045894622803E+01    0.108924503112123380E-06   -0.139824676513671875E+01    0.629851341247558594E+00
    0.199999999999999917E-02   -0.139059828412980354-308    0.218654990196228027E+01    0.195091086209598918E+01   -0.405058670043945312E+01    0.171847343444824219E+00
    0.199999999999999917E-02   -0.139059828412980354-308   -0.201471745967864990E+01    0.650664860719528294E-05   -0.269027233123779297E+01    0.941712188720703125E+01
    0.199999999999999917E-02   -0.139059828412980354-308    0.394281148910522461E+01    0.445286654179082194E-03    0.260582256317138672E+01    0.506930351257324219E+00
    0.199999999999999917E-02   -0.139059828412980354-308    0.487430691719055176E+00    0.772747629668757085E-06   -0.522837257385253906E+01    0.221640777587890625E+01
    0.199999999999999917E-02   -0.139059828412980354-308   -0.484823584556579590E+00    0.529222785783271723E-02    0.117726325988769531E+01    0.114359645843505859E+02
    0.199999999999999917E-02   -0.139059828412980354-308   -0.683349370956420898E+00    0.112824508433218307E+05    0.513333415985107422E+01    0.887909412384033203E+01
    0.199999999999999917E-02   -0.139059828412980354-308   -0.806226134300231934E+00    0.490333624988587758E+03   -0.711050033569335938E-01    0.110979366302490234E+01
    0.199999999999999917E-02   -0.139059828412980354-308   -0.464223623275756836E+00    0.360764105042165142E-03    0.600840187072753906E+01    0.569552040100097656E+01
    0.199999999999999917E-02   -0.139059828412980354-308    0.365187764167785645E+01    0.394348786210022881E+05   -0.410110759735107422E+01    0.310519027709960938E+01
    0.199999999999999917E-02   -0.139059828412980354-308   -0.418475210666656494E+01    0.278607638457976645E+05   -0.278842639923095703E+01    0.122413978576660156E+02
    0.199999999999999917E-02   -0.139059828412980354-308    0.166844725608825684E+00    0.490612577786977016E-07   -0.281511497497558594E+01    0.128465318679809570E+02
    0.199999999999999917E-02   -0.139059828412980354-308   -0.283890664577484131E+01    0.306466803153515209E-02   -0.162326335906982422E+01    0.119504022598266602E+02
    0.199999999999999917E-02   -0.139059828412980354-308   -0.288092732429504395E+01    0.157741711443529264E+01   -0.668039321899414062E+00    0.102277088165283203E+02
    0.199999999999999917E-02   -0.139059828412980354-308    0.188951253890991211E+01    0.122719057222854074E-07   -0.998445510864257812E+00    0.882172870635986328E+01
    0.199999999999999917E-02   -0.139059828412980354-308   -0.495133996009826660E+01    0.339130537007284687E+02    0.315406799316406250E+00    0.261672973632812500E+00
    0.199999999999999917E-02   -0.139059828412980354-308   -0.307227194309234619E+01    0.459210807091668403E-06   -0.457054042816162109E+01    0.251199340820312500E+01
    0.199999999999999917E-02   -0.139059828412980354-308    0.112961530685424805E+00    0.377642380537261924E+05    0.380255699157714844E+01    0.842986202239990234E+01
    0.199999999999999917E-02   -0.139059828412980354-308   -0.436811625957489014E+01    0.183490952266422637E-03    0.291635417938232422E+01    0.699079132080078125E+01
    0.199999999999999917E-02   -0.139059828412980354-308    0.429221212863922119E+01    0.388191055697664478E+01    0.160221099853515625E+01    0.260626888275146484E+01
    0.199999999999999917E-02   -0.139059828412980354-308   -0.418489754199981689E+01    0.305879858373072259E+08    0.592163181304931641E+01    0.132060308456420898E+02
    0.199999999999999917E-02   -0.139059828412980354-308    0.231212437152862549E+01    0.172510088869857248E+00    0.533327293395996094E+01    0.103386306762695312E+02
    0.199999999999999917E-02   -0.139059828412980354-308    0.609941482543945312E+00    0.162433007650142293E+08   -0.500137329101562500E+01    0.144147005081176758E+02
    0.199999999999999917E-02   -0.139059828412980354-308   -0.402865588665008545E+01    0.570255106997441687E+07   -0.342579841613769531E+00    0.471120548248291016E+01
    0.199999999999999917E-02   -0.139059828412980354-308   -0.160923004150390625E+01    0.802940035921106862E-05    0.216148376464843750E+01    0.400862026214599609E+01
    0.199999999999999917E-02   -0.139059828412980354-308   -0.109130203723907471E+01    0.176388574865962059E+06    0.302236652374267578E+01    0.618210601806640625E+01
    0.199999999999999917E-02   -0.139059828412980354-308    0.317310631275177002E+01    0.397970292801941931E+08   -0.261529922485351562E+01    0.562754631042480469E+01
    0.199999999999999917E-02   -0.139059828412980354-308   -0.189985454082489014E+01    0.531381764672650900E-01   -0.292623043060302734E+01    0.943670749664306641E+01
    0.199999999999999917E-02   -0.139059828412980354-308    0.352092921733856201E+01    0.310251919800107734E-06    0.392980003356933594E+01    0.104820175170898438E+02
    0.199999999999999917E-02   -0.139059828412980354-308   -0.378617167472839355E+01    0.175240010393294394E-07    0.504438591003417969E+01    0.146749296188354492E+02
    0.199999999999999917E-02   -0.139059828412980354-308    0.201750338077545166E+01    0.435376032308836700E-07    0.388840389251708984E+01    0.101645698547363281E+02
    0.199999999999999917E-02   -0.139059828412980354-308   -0.387875735759735107E+01    0.163979076754147754E+05    0.199463653564453125E+01    0.135002603530883789E+02
    0.199999999999999917E-02   -0.139059828412980354-308   -0.442055702209472656E+01    0.218646565844980614E-05   -0.652456378936767578E+01    0.142746267318725586E+02
    0.199999999999999917E-02   -0.139059828412980354-308   -0.286603868007659912E+01    0.241959307274127267E+08   -0.702251052856445312E+01    0.503157615661621094E+00
    0.199999999999999917E-02   -0.139059828412980354-308    0.240590333938598633E+01    0.351947040669994436E-02   -0.731931972503662109E+01    0.465243053436279297E+01
    0.199999999999999917E-02   -0.139059828412980354-308   -0.328804016113281250E+01    0.185466198577891532E+02   -0.724058628082275391E+01    0.213559055328369141E+01
    0.199999999999999917E-02   -0.139059828412980354-308    0.295876979827880859E+01    0.356287616514768217E+02   -0.407100009918212891E+01    0.967033481597900391E+01
    0.199999999999999917E-02   -0.139059828412980354-308   -0.530123710632324219E-02    0.535487423246538477E-07    0.516828155517578125E+01    0.670989608764648438E+01
    0.199999999999999917E-02   -0.139059828412980354-308    0.454677045345306396E+01    0.152406142844823886E-02   -0.512853527069091797E+01    0.473439502716064453E+01
    0.199999999999999917E-02   -0.139059828412980354-308    0.473633289337158203E+01    0.312914852903723819E+02   -0.579514312744140625E+01    0.514094066619873047E+01
    0.199999999999999917E-02   -0.139059828412980354-308   -0.444918155670166016E+01    0.264918273223494083E+01    0.539708900451660156E+01    0.597311401367187500E+01
    0.199999999999999917E-02   -0.139059828412980354-308    0.472261667251586914E+01    0.412145266056753012E+01    0.472494316101074219E+01    0.120430784225463867E+02
    0.199999999999999917E-02   -0.139059828412980354-308   -0.472222030162811279E+01    0.104944310968658829E+04    0.400070190429687500E+00    0.865260791778564453E+01
    0.199999999999999917E-02   -0.139059828412980354-308    0.343936681747436523E-01    0.716474548596408162E-01   -0.300465011596679688E+01    0.445865440368652344E+01
    0.199999999999999917E-02   -0.139059828412980354-308   -0.288358449935913086E+01    0.163888720492747239E-06    0.358129787445068359E+01    0.280741214752197266E+01
    0.199999999999999917E-02   -0.139059828412980354-308   -0.271862149238586426E+01    0.754878811448907693E-03    0.205905914306640625E+00    0.617869758605957031E+01
    0.199999999999999917E-02   -0.139059828412980354-308   -0.441114544868469238E+01    0.485018820006855771E-06   -0.611477756500244141E+01    0.333978843688964844E+01
    0.199999999999999917E-02   -0.139059828412980354-308   -0.237958669662475586E+01    0.162890927569015566E+05   -0.414882564544677734E+01    0.586410999298095703E+01
    0.199999999999999917E-02   -0.139059828412980354-308   -0.449035167694091797E+00    0.278656586680875662E+05    0.382917213439941406E+01    0.103748645782470703E+02
    0.199999999999999917E-02   -0.139059828412980354-308   -0.315893054008483887E+01    0.123691131397340097E+06    0.687824344635009766E+01    0.910681629180908203E+01
    0.199999999999999917E-02   -0.139059828412980354-308    0.265509366989135742E+01    0.909123601347121166E+02    0.412969207763671875E+01    0.499294662475585938E+01
    0.199999999999999917E-02   -0.139059828412980354-308    0.267686486244201660E+01    0.306913984780014762E+05    0.603730106353759766E+01    0.528566169738769531E+01
    0.199999999999999917E-02   -0.139059828412980354-308   -0.407186150550842285E+01    0.883237188828933101E-06    0.282926464080810547E+01    0.275466156005859375E+01
    0.199999999999999917E-02   -0.139059828412980354-308   -0.413718938827514648E+01    0.504033422293397502E-07    0.493959712982177734E+01    0.444356250762939453E+01
    0.199999999999999917E-02   -0.139059828412980354-308    0.462565600872039795E+01    0.323309008324407454E+00   -0.144882678985595703E+01    0.680718708038330078E+01
    0.199999999999999917E-02   -0.139059828412980354-308    0.183032631874084473E+01    0.989021833699369746E-01   -0.529969501495361328E+01    0.146390914916992188E+00
    0.199999999999999917E-02   -0.139059828412980354-308    0.586755275726318359E+00    0.564995095289247110E+06    0.200744628906250000E+01    0.128481187820434570E+02
    0.199999999999999917E-02   -0.139059828412980354-308   -0.349916040897369385E+01    0.537101991515920574E+02    0.280963897705078125E+01    0.650002384185791016E+01
    0.199999999999999917E-02   -0.139059828412980354-308   -0.306447148323059082E+01    0.250305780146881007E+06    0.671211147308349609E+01    0.615068340301513672E+01
    0.199999999999999917E-02   -0.139059828412980354-308    0.349319577217102051E+00    0.221152206367841870E+02    0.271764087677001953E+01    0.152073097229003906E+01
    0.199999999999999917E-02   -0.139059828412980354-308   -0.315732359886169434E+01    0.225377232553745227E+00    0.509209156036376953E+01    0.509727668762207031E+01
    0.199999999999999917E-02   -0.139059828412980354-308    0.138309180736541748E+01    0.619406808840073645E+07   -0.612955760955810547E+01    0.942514896392822266E+01
    0.199999999999999917E-02   -0.139059828412980354-308   -0.327342033386230469E+01    0.213939410293499233E+01   -0.657772922515869141E+01    0.271568202972412109E+01
    0.199999999999999917E-02   -0.139059828412980354-308    0.226395308971405029E+01    0.226744840983535006E-01    0.179435825347900391E+01    0.309886264801025391E+01
    0.199999999999999917E-02   -0.139059828412980354-308    0.493036866188049316E+01    0.730683797014207524E-02    0.682243442535400391E+01    0.418287372589111328E+01
    0.199999999999999917E-02   -0.139059828412980354-308   -0.423877596855163574E+01    0.283441934689383575E-04   -0.192565917968750000E+00    0.159074583053588867E+02
    0.199999999999999917E-02   -0.139059828412980354-308    0.177183985710144043E+01    0.115022401967288784E-01   -0.173114013671875000E+01    0.487903594970703125E+01
    0.199999999999999917E-02   -0.139059828412980354-308   -0.187954306602478027E+01    0.516823992422893660E-01   -0.442024135589599609E+01    0.266770935058593750E+01
    0.199999999999999917E-02   -0.139059828412980354-308   -0.335771679878234863E+01    0.373725456432884906E+01   -0.357244777679443359E+01    0.407813262939453125E+01
    0.199999999999999917E-02   -0.139059828412980354-308    0.162424266338348389E+01    0.236784575734843407E-05   -0.259778690338134766E+01    0.912330722808837891E+01
    0.199999999999999917E-02   -0.139059828412980354-308   -0.724297165870666504E+00    0.271053440393801175E-07    0.733156967163085938E+01    0.449718475341796875E+00
    0.199999999999999917E-02   -0.139059828412980354-308   -0.558716058731079102E-01    0.697325083453093608E+01   -0.797039604187011719E+01    0.724250602722167969E+01
    0.199999999999999917E-02   -0.139059828412980354-308   -0.468329787254333496E+00    0.663582074316659855E+05    0.450354099273681641E+01    0.739135074615478516E+01
    0.199999999999999917E-02   -0.139059828412980354-308   -0.772917270660400391E-01    0.194165793459409944E-02   -0.135607051849365234E+01    0.146543455123901367E+02
    0.199999999999999917E-02   -0.139059828412980354-308    0.516396760940551758E-01    0.253392254144733986E+01    0.158488655090332031E+01    0.106432943344116211E+02
    0.199999999999999917E-02   -0.139059828412980354-308    0.262256205081939697E+01    0.212728902709995388E-02   -0.309202384948730469E+01    0.124389219284057617E+02
    0.199999999999999917E-02   -0.139059828412980354-308    0.243691504001617432E+01    0.364578006843546817E-07    0.650704860687255859E+01    0.558201503753662109E+01
    0.199999999999999917E-02   -0.139059828412980354-308   -0.177714586257934570E+01    0.274490366602604627E+04   -0.124860668182373047E+01    0.391660976409912109E+01
    0.199999999999999917E-02   -0.139059828412980354-308    0.437450826168060303E+01    0.289326114202195859E+05    0.320185375213623047E+01    0.797752380371093750E+00
    0.199999999999999917E-02   -0.139059828412980354-308   -0.477908253669738770E+00    0.637489334596048657E-03   -0.667443084716796875E+01    0.944777584075927734E+01
    0.199999999999999917E-02   -0.139059828412980354-308   -0.637071132659912109E+00    0.861643328865988245E+01    0.374611282348632812E+01    0.147990036010742188E+01
    0.199999999999999917E-02   -0.139059828412980354-308   -0.454219222068786621E+01    0.793480270697143086E-05   -0.256669807434082031E+01    0.534062480926513672E+01
    0.199999999999999917E-02   -0.139059828412980354-308   -0.479979634284973145E+01    0.162705032408527695E-02   -0.592056560516357422E+01    0.350106334686279297E+01
    0.199999999999999917E-02   -0.139059828412980354-308   -0.426189839839935303E+01    0.461198597139256469E-01   -0.774382972717285156E+01    0.138242626190185547E+01
    0.199999999999999917E-02   -0.139059828412980354-308   -0.285625457763671875E-01    0.600563219566614926E+07    0.268083286285400391E+01    0.735672760009765625E+01
    0.199999999999999917E-02   -0.139059828412980354-308    0.474167227745056152E+01    0.373657347045832966E-04    0.331742668151855469E+01    0.108965969085693359E+01
    0.199999999999999917E-02   -0.139059828412980354-308   -0.326320230960845947E+01    0.464102148354007815E+00   -0.799910449981689453E+01    0.938994503021240234E+01
    0.199999999999999917E-02   -0.139059828412980354-308    0.274199366569519043E+01    0.698284316053765508E+02   -0.482342720031738281E+00    0.883724021911621094E+01
    0.199999999999999917E-02   -0.139059828412980354-308   -0.417545616626739502E+01    0.133101716054567687E+01    0.133924579620361328E+01    0.643695831298828125E+00
    0.199999999999999917E-02   -0.139059828412980354-308   -0.268698334693908691E+00    0.222688716249825082E-04   -0.508635997772216797E+01    0.131404294967651367E+02
    0.199999999999999917E-02   -0.139059828412980354-308    0.289553761482238770E+01    0.131711344858423909E+05    0.781610679626464844E+01    0.121546459197998047E+02
    0.199999999999999917E-02   -0.139059828412980354-308   -0.459817349910736084E+01    0.420287622646152610E-02    0.581495666503906250E+01    0.848773479461669922E+01
    0.199999999999999917E-02   -0.139059828412980354-308    0.359322249889373779E+01    0.365629885970698254E-06   -0.673065948486328125E+01    0.121097831726074219E+02
    0.199999999999999917E-02   -0.139059828412980354-308   -0.100987434387207031E+01    0.106013705521545973E-03    0.146037769317626953E+01    0.964677333831787109E+01
    0.199999999999999917E-02   -0.139059828412980354-308    0.430960595607757568E+01    0.597452374229087378E+06    0.469474220275878906E+01    0.120915842056274414E+02
    0.199999999999999917E-02   -0.139059828412980354-308    0.195025980472564697E+01    0.130681119072270633E+02   -0.433930206298828125E+01    0.247177982330322266E+01
    0.199999999999999917E-02   -0.139059828412980354-308    0.479051768779754639E+01    0.323074806553840020E-06    0.316131305694580078E+01    0.103230543136596680E+02
    0.199999999999999917E-02   -0.139059828412980354-308   -0.174616217613220215E+01    0.862042653752724419E+02    0.311747264862060547E+01    0.808797168731689453E+01
    0.199999999999999917E-02   -0.139059828412980354-308    0.323207795619964600E+01    0.391830862766369774E-06    0.597270011901855469E+01    0.113253793716430664E+02
    0.199999999999999917E-02   -0.139059828412980354-308   -0.409387350082397461E+00    0.195326850582716003E-03   -0.248486518859863281E+00    0.584854221343994141E+01
    0.199999999999999917E-02   -0.139059828412980354-308    0.125402808189392090E+01    0.312685434017868891E-03   -0.234402942657470703E+01    0.919215393066406250E+01
    0.199999999999999917E-02   -0.139059828412980354-308    0.295400619506835938E+01    0.471766431565343383E-01    0.244047164916992188E+01    0.644438457489013672E+01
    0.199999999999999917E-02   -0.139059828412980354-308    0.170183420181274414E+01    0.139099575832184463E+01   -0.763252449035644531E+01    0.485940647125244141E+01
    0.199999999999999917E-02   -0.139059828412980354-308   -0.352613151073455811E+01    0.857654589723366685E+07   -0.743677711486816406E+01    0.121608638763427734E+01
    0.199999999999999917E-02   -0.139059828412980354-308   -0.385816216468811035E+01    0.341560976464417645E-01   -0.597561836242675781E+01    0.133493518829345703E+01
    0.199999999999999917E-02   -0.139059828412980354-308    0.450419604778289795E+01    0.133061095303253166E-02    0.568532466888427734E+01    0.826488780975341797E+01
    0.199999999999999917E-02   -0.139059828412980354-308   -0.343659579753875732E+01    0.200668308688656209E-07   -0.777005004882812500E+01    0.152547159194946289E+02
    0.199999999999999917E-02   -0.139059828412980354-308    0.163962185382843018E+01    0.260960321143837245E+05    0.667404651641845703E+01    0.851561546325683594E+00
    0.199999999999999917E-02   -0.139059828412980354-308    0.198782384395599365E+01    0.127578012795993141E+04   -0.403735542297363281E+01    0.105706930160522461E+02
    0.199999999999999917E-02   -0.139059828412980354-308    0.188133180141448975E+01    0.987283743622334775E+01    0.654627227783203125E+01    0.362170314788818359E+01
    0.199999999999999917E-02   -0.139059828412980354-308   -0.206890285015106201E+01    0.397968544986902414E-01    0.112065410614013672E+01    0.155770912170410156E+02
    0.199999999999999917E-02   -0.139059828412980354-308    0.235871553421020508E+01    0.267834757534315571E+00    0.293214797973632812E+01    0.409702873229980469E+01
    0.199999999999999917E-02   -0.139059828412980354-308    0.253967702388763428E+01    0.582927453884899078E-03   -0.654893016815185547E+01    0.165638160705566406E+01
    0.199999999999999917E-02   -0.139059828412980354-308   -0.440624535083770752E+01    0.496194570804301370E+07   -0.598293876647949219E+01    0.127687559127807617E+02
    0.199999999999999917E-02   -0.139059828412980354-308   -0.267768025398254395E+01    0.535403941881006509E+08   -0.637751293182373047E+01    0.432552337646484375E+01
    0.199999999999999917E-02   -0.139059828412980354-308    0.586889386177062988E+00    0.438174741241849144E-01   -0.656841754913330078E+01    0.107919406890869141E+01
    0.199999999999999917E-02   -0.139059828412980354-308   -0.445363163948059082E+01    0.782738465129711985E+05   -0.661978816986083984E+01    0.124439029693603516E+02
    0.199999999999999917E-02   -0.139059828412980354-308   -0.149798393249511719E-01    0.774927808101402021E-01    0.200548362731933594E+01    0.725023555755615234E+01
    0.199999999999999917E-02   -0.139059828412980354-308    0.103808283805847168E+01    0.722427404888036676E+03    0.305886650085449219E+01    0.131091413497924805E+02
    0.199999999999999917E-02   -0.139059828412980354-308    0.334329724311828613E+01    0.330380463801078994E+01    0.574589824676513672E+01    0.154625291824340820E+02
    0.199999999999999917E-02   -0.139059828412980354-308    0.275528550148010254E+01    0.116202148275638087E+00    0.788947868347167969E+01    0.136431427001953125E+02
    0.199999999999999917E-02   -0.139059828412980354-308   -0.256293654441833496E+01    0.162745410806888344E+02    0.659221363067626953E+01    0.102322311401367188E+02
    0.199999999999999917E-02   -0.139059828412980354-308   -0.265577018260955811E+01    0.650287765369995940E-01   -0.283340072631835938E+01    0.106809558868408203E+02
    0.199999999999999917E-02   -0.139059828412980354-308    0.289395868778228760E+01    0.461145936963851331E-03   -0.141917514801025391E+01    0.184959697723388672E+01
    0.199999999999999917E-02   -0.139059828412980354-308   -0.250785350799560547E+00    0.547793586598507027E+05    0.182736587524414062E+01    0.130043478012084961E+02
    0.199999999999999917E-02   -0.139059828412980354-308    0.298535585403442383E+01    0.834779415769418092E-04    0.684331417083740234E+01    0.636250305175781250E+01
    0.199999999999999917E-02   -0.139059828412980354-308    0.276336908340454102E+01    0.257644711611308196E+03    0.654217147827148438E+01    0.843504142761230469E+01
    0.199999999999999917E-02   -0.139059828412980354-308   -0.363973140716552734E+01    0.184158611504573315E+02   -0.538867187500000000E+01    0.314268016815185547E+01
    0.199999999999999917E-02   -0.139059828412980354-308    0.861653089523315430E+00    0.453627297295634980E+04   -0.124370193481445312E+01    0.156591815948486328E+02
    0.199999999999999917E-02   -0.139059828412980354-308    0.322378873825073242E+00    0.370550715553704624E+01   -0.489069938659667969E+00    0.981631278991699219E+01
    0.199999999999999917E-02   -0.139059828412980354-308   -0.496525764465332031E+01    0.844612834773194154E+00   -0.866980552673339844E+00    0.298547554016113281E+01
    0.199999999999999917E-02   -0.139059828412980354-308   -0.262774109840393066E+01    0.305738165338199860E+04   -0.193142032623291016E+01    0.132142724990844727E+02
    0.199999999999999917E-02   -0.139059828412980354-308    0.213921368122100830E+01    0.498558080151239746E+01    0.465307998657226562E+01    0.124552469253540039E+02
    0.199999999999999917E-02   -0.139059828412980354-308   -0.508721470832824707E+00    0.703086412634210717E-07   -0.485370826721191406E+01    0.152218494415283203E+02
    0.199999999999999917E-02   -0.139059828412980354-308   -0.245135843753814697E+01    0.410470739402037523E+02    0.122926044464111328E+01    0.729629707336425781E+01
    0.199999999999999917E-02   -0.139059828412980354-308    0.197474777698516846E+01    0.121677111891350614E+04   -0.354566955566406250E+01    0.223755741119384766E+01
    0.199999999999999917E-02   -0.139059828412980354-308   -0.364324033260345459E+01    0.629451964175671000E-03   -0.129298686981201172E+01    0.181043529510498047E+01
    0.199999999999999917E-02   -0.139059828412980354-308   -0.474213123321533203E+01    0.709044798694127184E-06   -0.111195278167724609E+01    0.148207178115844727E+02
    0.199999999999999917E-02   -0.139059828412980354-308    0.410422265529632568E+01    0.266583767957157001E+02   -0.558824920654296875E+01    0.120029716491699219E+02
    0.199999999999999917E-02   -0.139059828412980354-308    0.134580254554748535E+01    0.554147835050929416E+03    0.425640010833740234E+01    0.100754299163818359E+02
    0.199999999999999917E-02   -0.139059828412980354-308    0.117317736148834229E+01    0.172450246053661598E+06   -0.758427715301513672E+01    0.638482093811035156E+00
    0.199999999999999917E-02   -0.139059828412980354-308   -0.300016343593597412E+01    0.500266686879146196E-03    0.376828861236572266E+01    0.159694652557373047E+02
    0.199999999999999917E-02   -0.139059828412980354-308    0.273993015289306641E+00    0.509517426540906786E-05    0.576395225524902344E+01    0.813880538940429688E+01
    0.199999999999999917E-02   -0.139059828412980354-308   -0.286139369010925293E+01    0.797370135206563013E+01    0.677458190917968750E+01    0.127996873855590820E+02
    0.199999999999999917E-02   -0.139059828412980354-308    0.205129384994506836E-01    0.451627509612124097E-04   -0.858941078186035156E+00    0.988950538635253906E+01
    0.199999999999999917E-02   -0.139059828412980354-308   -0.260032534599304199E+01    0.160985629213690117E+06    0.724540138244628906E+01    0.561012935638427734E+01
    0.199999999999999917E-02   -0.139059828412980354-308   -0.461424291133880615E+01    0.204439138007473666E+07   -0.158211517333984375E+01    0.138597345352172852E+02
    0.199999999999999917E-02   -0.139059828412980354-308   -0.432337522506713867E+01    0.658570938124965655E-04   -0.916135787963867188E+00    0.262823390960693359E+01
    0.199999999999999917E-02   -0.139059828412980354-308   -0.388934016227722168E+00    0.237173824734481059E+04    0.670104694366455078E+01    0.149143781661987305E+02
    0.199999999999999917E-02   -0.139059828412980354-308    0.730204582214355469E+00    0.209397958193767196E-05    0.417955303192138672E+01    0.577667808532714844E+01
    0.199999999999999917E-02   -0.139059828412980354-308   -0.475348591804504395E+01    0.519857374009493356E+03   -0.710301589965820312E+01    0.678794860839843750E+00
    0.199999999999999917E-02   -0.139059828412980354-308   -0.314658284187316895E+00    0.556292434955317673E-05   -0.256375980377197266E+01    0.936244964599609375E+00
    0.199999999999999917E-02   -0.139059828412980354-308    0.171389162540435791E+01    0.902018519275921947E-05    0.299677085876464844E+01    0.991366100311279297E+01
